-0,4422	0,5773
-0,4422	0,5798
-0,4422	0,5822
-0,4421	0,5845
-0,4418	0,5867
-0,4412	0,5887
-0,4402	0,5906
-0,4388	0,5923
-0,4368	0,5938
-0,4343	0,5953
-0,4311	0,5965
-0,4272	0,5976
-0,4226	0,5985
-0,4173	0,5992
-0,4113	0,5998
-0,4045	0,6001
-0,3970	0,6003
-0,3888	0,6002
-0,3800	0,5999
-0,3706	0,5994
-0,3606	0,5987
-0,3502	0,5977
-0,3393	0,5965
-0,3281	0,5951
-0,3167	0,5934
-0,3051	0,5915
-0,2934	0,5894
-0,2816	0,5870
-0,2700	0,5844
-0,2586	0,5816
-0,2474	0,5786
-0,2365	0,5753
-0,2260	0,5719
-0,2160	0,5682
-0,2065	0,5643
-0,1976	0,5603
-0,1893	0,5561
-0,1816	0,5517
-0,1746	0,5472
-0,1682	0,5426
-0,1625	0,5378
-0,1574	0,5330
-0,1530	0,5280
-0,1492	0,5229
-0,1458	0,5178
-0,1430	0,5126
-0,1407	0,5073
-0,1386	0,5021
-0,1369	0,4967
-0,1354	0,4914
-0,1341	0,4861
-0,1328	0,4807
-0,1315	0,4754
-0,1300	0,4701
-0,1284	0,4649
-0,1265	0,4597
-0,1242	0,4545
-0,1215	0,4494
-0,1183	0,4444
-0,1146	0,4394
-0,1103	0,4346
-0,1053	0,4298
-0,0997	0,4251
-0,0934	0,4206
-0,0863	0,4162
-0,0786	0,4120
-0,0701	0,4079
-0,0610	0,4040
-0,0511	0,4002
-0,0407	0,3966
-0,0297	0,3933
-0,0181	0,3901
-0,0061	0,3872
0,0064	0,3845
0,0192	0,3820
0,0322	0,3798
0,0455	0,3778
0,0588	0,3762
0,0722	0,3747
0,0856	0,3736
0,0989	0,3727
0,1121	0,3721
0,1250	0,3718
0,1376	0,3717
0,1500	0,3720
0,1620	0,3725
0,1736	0,3733
0,1848	0,3743
0,1955	0,3757
0,2059	0,3772
0,2158	0,3790
0,2253	0,3811
0,2344	0,3834
0,2431	0,3859
0,2515	0,3886
0,2595	0,3915
0,2672	0,3945
0,2747	0,3978
0,2819	0,4012
0,2890	0,4048
0,2959	0,4085
0,3027	0,4124
0,3094	0,4164
0,3160	0,4205
0,3226	0,4247
0,3292	0,4290
0,3357	0,4333
0,3423	0,4378
0,3489	0,4423
0,3556	0,4469
0,3623	0,4515
0,3690	0,4562
0,3758	0,4608
0,3826	0,4656
0,3894	0,4703
0,3962	0,4750
0,4031	0,4798
0,4099	0,4845
0,4167	0,4893
0,4235	0,4940
0,4303	0,4987
0,4370	0,5033
0,4437	0,5079
0,4502	0,5125
0,4567	0,5171
0,4631	0,5215
0,4693	0,5260
0,4755	0,5303
0,4815	0,5346
0,4873	0,5388
0,4930	0,5429
0,4986	0,5469
0,5040	0,5508
0,5092	0,5547
0,5142	0,5584
0,5191	0,5620
0,5237	0,5655
0,5283	0,5689
0,5326	0,5721
0,5368	0,5752
0,5408	0,5782
0,5447	0,5810
0,5484	0,5837
0,5521	0,5862
0,5557	0,5886
0,5592	0,5908
0,5627	0,5928
0,5663	0,5947
0,5699	0,5964
0,5736	0,5979
0,5774	0,5992
0,5814	0,6003
0,5857	0,6013
0,5902	0,6020
0,5951	0,6026
0,6003	0,6030
0,6060	0,6032
0,6121	0,6031
0,6187	0,6029
0,6259	0,6026
0,6335	0,6020
0,6418	0,6013
0,6506	0,6004
0,6599	0,5993
0,6698	0,5981
0,6803	0,5967
0,6913	0,5952
0,7027	0,5936
0,7146	0,5918
0,7269	0,5899
0,7395	0,5879
0,7523	0,5858
0,7653	0,5836
0,7784	0,5812
0,7916	0,5788
0,8046	0,5764
0,8176	0,5738
0,8303	0,5711
0,8426	0,5684
0,8547	0,5656
0,8662	0,5628
0,8772	0,5599
0,8877	0,5569
0,8975	0,5538
0,9066	0,5507
0,9151	0,5475
0,9228	0,5443
0,9298	0,5409
0,9360	0,5376
0,9416	0,5341
0,9464	0,5305
0,9505	0,5269
0,9540	0,5232
0,9569	0,5195
0,9593	0,5156
0,9612	0,5117
0,9627	0,5077
0,9639	0,5037
0,9649	0,4996
0,9657	0,4954
0,9664	0,4912
0,9671	0,4869
0,9680	0,4826
0,9690	0,4782
0,9702	0,4739
0,9719	0,4695
0,9739	0,4651
0,9764	0,4608
0,9795	0,4564
0,9831	0,4521
0,9874	0,4479
0,9923	0,4437
0,9980	0,4396
1,0043	0,4356
1,0113	0,4317
1,0189	0,4280
1,0273	0,4243
1,0362	0,4208
1,0458	0,4175
1,0559	0,4143
1,0665	0,4113
1,0775	0,4085
1,0888	0,4059
1,1005	0,4035
1,1124	0,4013
1,1244	0,3993
1,1365	0,3976
1,1486	0,3960
1,1606	0,3947
1,1725	0,3936
1,1842	0,3927
1,1956	0,3920
1,2067	0,3916
1,2175	0,3913
1,2279	0,3913
1,2378	0,3914
1,2472	0,3918
1,2562	0,3923
1,2647	0,3930
1,2728	0,3939
1,2803	0,3949
1,2873	0,3961
1,2939	0,3975
1,3000	0,3990
1,3058	0,4006
1,3111	0,4024
1,3160	0,4043
1,3207	0,4063
1,3250	0,4084
1,3292	0,4106
1,3331	0,4130
1,3368	0,4154
1,3404	0,4179
1,3440	0,4205
1,3475	0,4233
1,3509	0,4261
1,3544	0,4289
1,3579	0,4319
1,3615	0,4349
1,3651	0,4381
1,3688	0,4413
1,3726	0,4445
1,3766	0,4479
1,3806	0,4513
1,3847	0,4548
1,3890	0,4583
1,3934	0,4619
1,3978	0,4655
1,4024	0,4692
1,4070	0,4729
1,4117	0,4766
1,4166	0,4804
1,4215	0,4841
1,4265	0,4879
1,4316	0,4917
1,4368	0,4954
1,4421	0,4991
1,4475	0,5028
1,4531	0,5065
1,4589	0,5101
1,4648	0,5137
1,4710	0,5172
1,4774	0,5207
1,4840	0,5241
1,4910	0,5274
1,4983	0,5307
1,5059	0,5339
1,5138	0,5370
1,5222	0,5401
1,5309	0,5431
1,5401	0,5460
1,5496	0,5488
1,5595	0,5516
1,5698	0,5542
1,5805	0,5569
1,5916	0,5594
1,6029	0,5619
1,6145	0,5644
1,6264	0,5667
1,6385	0,5690
1,6507	0,5713
1,6630	0,5735
1,6753	0,5756
1,6875	0,5777
1,6997	0,5797
1,7116	0,5816
1,7234	0,5835
1,7348	0,5852
1,7458	0,5869
1,7565	0,5885
1,7666	0,5900
1,7763	0,5914
1,7854	0,5927
1,7939	0,5938
1,8018	0,5949
1,8090	0,5957
1,8157	0,5964
1,8217	0,5970
1,8271	0,5974
1,8320	0,5975
1,8363	0,5975
1,8400	0,5973
1,8433	0,5969
1,8461	0,5963
1,8485	0,5954
1,8506	0,5943
1,8525	0,5930
1,8541	0,5914
1,8556	0,5896
1,8570	0,5876
1,8584	0,5854
1,8598	0,5829
1,8613	0,5802
1,8629	0,5773
1,8647	0,5741
1,8668	0,5708
1,8691	0,5673
1,8717	0,5636
1,8746	0,5598
1,8780	0,5558
1,8816	0,5517
1,8857	0,5474
1,8902	0,5431
1,8950	0,5386
1,9002	0,5341
1,9059	0,5295
1,9119	0,5249
1,9183	0,5203
1,9250	0,5156
1,9320	0,5110
1,9394	0,5063
1,9470	0,5017
1,9548	0,4971
1,9630	0,4926
1,9713	0,4881
1,9798	0,4837
1,9884	0,4793
1,9972	0,4750
2,0061	0,4709
2,0150	0,4668
2,0240	0,4628
2,0331	0,4588
2,0422	0,4550
2,0513	0,4513
2,0604	0,4477
2,0695	0,4441
2,0785	0,4407
2,0875	0,4374
2,0964	0,4341
2,1053	0,4309
2,1141	0,4279
2,1228	0,4249
2,1314	0,4220
2,1400	0,4192
2,1484	0,4164
2,1568	0,4138
2,1651	0,4112
2,1733	0,4088
2,1814	0,4064
2,1894	0,4041
2,1973	0,4019
2,2052	0,3998
2,2129	0,3978
2,2207	0,3959
2,2284	0,3942
2,2360	0,3925
2,2436	0,3910
2,2512	0,3896
2,2587	0,3884
2,2663	0,3873
2,2738	0,3864
2,2813	0,3857
2,2888	0,3851
2,2963	0,3848
2,3037	0,3846
2,3111	0,3846
2,3185	0,3849
2,3259	0,3854
2,3332	0,3861
2,3405	0,3871
2,3476	0,3883
2,3547	0,3897
2,3617	0,3914
2,3686	0,3933
2,3754	0,3955
2,3820	0,3979
2,3885	0,4005
2,3948	0,4034
2,4010	0,4065
2,4070	0,4098
2,4128	0,4133
2,4185	0,4170
2,4240	0,4208
2,4294	0,4248
2,4346	0,4290
2,4396	0,4332
2,4446	0,4376
2,4494	0,4421
2,4541	0,4466
2,4588	0,4511
2,4634	0,4557
2,4679	0,4603
2,4723	0,4649
2,4768	0,4695
2,4812	0,4740
2,4856	0,4785
2,4900	0,4829
2,4944	0,4872
2,4988	0,4914
2,5032	0,4955
2,5076	0,4995
2,5120	0,5033
2,5163	0,5071
2,5207	0,5107
2,5250	0,5141
2,5293	0,5174
2,5335	0,5206
2,5377	0,5237
2,5418	0,5266
2,5458	0,5294
2,5498	0,5320
2,5537	0,5346
2,5575	0,5371
2,5612	0,5394
2,5649	0,5417
2,5685	0,5439
2,5721	0,5460
2,5756	0,5481
2,5792	0,5501
2,5827	0,5521
2,5863	0,5541
2,5900	0,5560
2,5938	0,5579
2,5976	0,5598
2,6017	0,5617
2,6059	0,5636
2,6103	0,5655
2,6150	0,5674
2,6199	0,5693
2,6251	0,5712
2,6306	0,5730
2,6365	0,5749
2,6427	0,5768
2,6492	0,5787
2,6560	0,5805
2,6633	0,5823
2,6709	0,5841
2,6788	0,5858
2,6871	0,5874
2,6957	0,5890
2,7046	0,5905
2,7138	0,5919
2,7234	0,5931
2,7332	0,5943
2,7432	0,5953
2,7535	0,5962
2,7640	0,5969
2,7747	0,5975
2,7855	0,5979
2,7965	0,5981
2,8076	0,5980
2,8187	0,5978
2,8300	0,5974
2,8412	0,5967
2,8525	0,5959
2,8637	0,5947
2,8749	0,5934
2,8861	0,5918
2,8971	0,5900
2,9081	0,5880
2,9189	0,5857
2,9295	0,5832
2,9400	0,5805
2,9503	0,5776
2,9604	0,5745
2,9702	0,5711
2,9799	0,5676
2,9892	0,5639
2,9983	0,5601
3,0071	0,5561
3,0156	0,5520
3,0238	0,5477
3,0318	0,5433
3,0393	0,5389
3,0466	0,5344
3,0536	0,5298
3,0602	0,5252
3,0665	0,5205
3,0724	0,5158
3,0780	0,5111
3,0833	0,5064
3,0883	0,5018
3,0930	0,4972
3,0974	0,4926
3,1015	0,4880
3,1053	0,4835
3,1088	0,4791
3,1122	0,4748
3,1152	0,4705
3,1181	0,4663
3,1208	0,4622
3,1234	0,4582
3,1258	0,4543
3,1281	0,4504
3,1304	0,4467
3,1327	0,4431
3,1350	0,4395
3,1373	0,4360
3,1398	0,4327
3,1424	0,4294
3,1451	0,4263
3,1481	0,4232
3,1514	0,4202
3,1549	0,4174
3,1588	0,4146
3,1630	0,4120
3,1676	0,4095
3,1725	0,4070
3,1779	0,4048
3,1837	0,4026
3,1898	0,4005
3,1964	0,3986
3,2033	0,3969
3,2106	0,3953
3,2183	0,3938
3,2262	0,3925
3,2343	0,3913
3,2427	0,3903
3,2513	0,3895
3,2599	0,3889
3,2686	0,3884
3,2774	0,3881
3,2860	0,3880
3,2946	0,3881
3,3030	0,3884
3,3113	0,3888
3,3192	0,3895
3,3269	0,3903
3,3343	0,3913
3,3414	0,3925
3,3481	0,3938
3,3545	0,3954
3,3604	0,3971
3,3660	0,3989
3,3713	0,4010
3,3762	0,4032
3,3809	0,4055
3,3852	0,4080
3,3893	0,4106
3,3932	0,4133
3,3970	0,4162
3,4007	0,4191
3,4044	0,4222
3,4080	0,4254
3,4118	0,4287
3,4156	0,4320
3,4196	0,4354
3,4239	0,4389
3,4284	0,4425
3,4331	0,4461
3,4382	0,4498
3,4437	0,4535
3,4495	0,4573
3,4557	0,4611
3,4623	0,4649
3,4692	0,4688
3,4765	0,4727
3,4842	0,4766
3,4923	0,4805
3,5006	0,4844
3,5092	0,4883
3,5181	0,4922
3,5271	0,4961
3,5363	0,5000
3,5456	0,5039
3,5549	0,5078
3,5642	0,5116
3,5735	0,5155
3,5827	0,5193
3,5917	0,5230
3,6004	0,5268
3,6090	0,5305
3,6172	0,5341
3,6251	0,5377
3,6326	0,5413
3,6397	0,5448
3,6465	0,5482
3,6528	0,5516
3,6587	0,5549
3,6641	0,5581
3,6692	0,5612
3,6739	0,5642
3,6782	0,5671
3,6822	0,5699
3,6859	0,5726
3,6894	0,5752
3,6926	0,5776
3,6958	0,5799
3,6989	0,5821
3,7019	0,5842
3,7050	0,5861
3,7083	0,5878
3,7117	0,5894
3,7154	0,5909
3,7194	0,5922
3,7237	0,5934
3,7285	0,5944
3,7338	0,5953
3,7397	0,5960
3,7461	0,5966
3,7531	0,5971
3,7608	0,5974
3,7692	0,5976
3,7782	0,5977
3,7878	0,5976
3,7982	0,5975
3,8092	0,5972
3,8208	0,5969
3,8330	0,5964
3,8457	0,5959
3,8589	0,5952
3,8725	0,5945
3,8865	0,5937
3,9007	0,5928
3,9152	0,5918
3,9298	0,5907
3,9444	0,5895
3,9591	0,5883
3,9736	0,5869
3,9879	0,5855
4,0019	0,5840
4,0156	0,5823
4,0288	0,5806
4,0416	0,5787
4,0538	0,5767
4,0655	0,5746
4,0765	0,5724
4,0868	0,5700
4,0965	0,5675
4,1054	0,5648
4,1136	0,5620
4,1211	0,5591
4,1279	0,5560
4,1341	0,5527
4,1395	0,5493
4,1443	0,5458
4,1486	0,5421
4,1523	0,5382
4,1555	0,5343
4,1583	0,5302
4,1607	0,5259
4,1628	0,5216
4,1647	0,5172
4,1664	0,5127
4,1680	0,5081
4,1695	0,5035
4,1710	0,4989
4,1726	0,4942
4,1743	0,4895
4,1762	0,4848
4,1783	0,4802
4,1807	0,4755
4,1834	0,4710
4,1864	0,4665
4,1898	0,4621
4,1936	0,4579
4,1978	0,4537
4,2024	0,4497
4,2075	0,4458
4,2130	0,4420
4,2189	0,4384
4,2253	0,4350
4,2321	0,4317
4,2394	0,4286
4,2470	0,4256
4,2551	0,4229
4,2636	0,4203
4,2724	0,4178
4,2816	0,4155
4,2911	0,4134
4,3009	0,4114
4,3110	0,4096
4,3214	0,4079
4,3319	0,4063
4,3427	0,4048
4,3536	0,4035
4,3646	0,4022
4,3757	0,4011
4,3868	0,4000
4,3979	0,3990
4,4090	0,3981
4,4201	0,3972
4,4310	0,3965
4,4418	0,3958
4,4524	0,3951
4,4628	0,3946
4,4729	0,3941
4,4827	0,3937
4,4922	0,3933
4,5013	0,3930
4,5100	0,3929
4,5183	0,3928
4,5262	0,3928
4,5335	0,3929
4,5405	0,3931
4,5469	0,3934
4,5528	0,3938
4,5582	0,3944
4,5630	0,3951
4,5674	0,3959
4,5712	0,3969
4,5746	0,3980
4,5775	0,3992
4,5800	0,4006
4,5820	0,4022
4,5836	0,4038
4,5849	0,4056
4,5859	0,4075
4,5866	0,4096
4,5871	0,4118
4,5874	0,4140
4,5876	0,4164
4,5878	0,4189
4,5880	0,4215
4,5882	0,4242
4,5886	0,4270
4,5892	0,4298
4,5899	0,4328
4,5909	0,4357
4,5923	0,4388
4,5940	0,4419
4,5961	0,4450
4,5986	0,4482
4,6015	0,4514
4,6049	0,4547
4,6087	0,4580
4,6130	0,4613
4,6177	0,4647
4,6228	0,4681
4,6284	0,4715
4,6344	0,4750
4,6407	0,4784
4,6473	0,4819
4,6543	0,4854
4,6615	0,4889
4,6689	0,4925
4,6764	0,4960
4,6841	0,4995
4,6918	0,5031
4,6996	0,5066
4,7073	0,5102
4,7150	0,5137
4,7226	0,5172
4,7301	0,5207
4,7375	0,5241
4,7447	0,5275
4,7518	0,5309
4,7587	0,5342
4,7655	0,5375
4,7721	0,5407
4,7786	0,5439
4,7851	0,5470
4,7914	0,5500
4,7977	0,5529
4,8040	0,5558
4,8103	0,5586
4,8166	0,5613
4,8231	0,5639
4,8297	0,5664
4,8365	0,5689
4,8434	0,5713
4,8506	0,5736
4,8581	0,5758
4,8658	0,5779
4,8738	0,5799
4,8821	0,5819
4,8908	0,5838
4,8997	0,5855
4,9090	0,5872
4,9185	0,5888
4,9284	0,5903
4,9385	0,5916
4,9488	0,5929
4,9594	0,5941
4,9701	0,5951
4,9810	0,5960
4,9919	0,5968
5,0029	0,5975
5,0139	0,5980
5,0249	0,5983
5,0357	0,5985
5,0465	0,5985
5,0571	0,5983
5,0675	0,5980
5,0776	0,5974
5,0875	0,5967
5,0971	0,5957
5,1064	0,5945
5,1154	0,5931
5,1240	0,5915
5,1323	0,5896
5,1401	0,5875
5,1477	0,5852
5,1548	0,5827
5,1616	0,5799
5,1681	0,5769
5,1742	0,5738
5,1799	0,5704
5,1853	0,5668
5,1903	0,5631
5,1951	0,5591
5,1995	0,5551
5,2036	0,5509
5,2074	0,5466
5,2109	0,5421
5,2141	0,5376
5,2170	0,5331
5,2195	0,5284
5,2218	0,5238
5,2238	0,5191
5,2254	0,5144
5,2268	0,5097
5,2278	0,5051
5,2285	0,5005
5,2289	0,4959
5,2290	0,4915
5,2288	0,4870
5,2283	0,4827
5,2276	0,4784
5,2267	0,4742
5,2255	0,4701
5,2242	0,4661
5,2229	0,4621
5,2214	0,4582
5,2200	0,4544
5,2187	0,4507
5,2176	0,4470
5,2167	0,4434
5,2162	0,4399
5,2160	0,4364
5,2164	0,4330
5,2173	0,4296
5,2189	0,4262
5,2213	0,4230
5,2244	0,4197
5,2284	0,4165
5,2334	0,4134
5,2393	0,4103
5,2462	0,4073
5,2542	0,4044
5,2632	0,4016
5,2733	0,3988
5,2844	0,3961
5,2965	0,3936
5,3096	0,3912
5,3236	0,3889
5,3385	0,3867
5,3542	0,3847
5,3707	0,3829
5,3877	0,3812
5,4053	0,3797
5,4232	0,3784
5,4415	0,3773
5,4600	0,3764
5,4785	0,3757
5,4969	0,3752
5,5152	0,3749
5,5331	0,3748
5,5506	0,3750
5,5675	0,3754
5,5838	0,3760
5,5993	0,3767
5,6140	0,3777
5,6276	0,3789
5,6403	0,3803
5,6519	0,3818
5,6623	0,3836
5,6715	0,3855
5,6794	0,3875
5,6862	0,3897
5,6916	0,3920
5,6959	0,3944
5,6988	0,3969
5,7006	0,3995
5,7013	0,4022
5,7009	0,4050
5,6994	0,4078
5,6970	0,4106
5,6938	0,4135
5,6898	0,4164
5,6852	0,4193
5,6801	0,4222
5,6746	0,4251
5,6689	0,4280
5,6629	0,4309
5,6570	0,4337
5,6512	0,4365
5,6456	0,4393
5,6403	0,4420
5,6355	0,4447
5,6313	0,4474
5,6276	0,4500
5,6247	0,4526
5,6225	0,4552
5,6212	0,4577
5,6207	0,4602
5,6212	0,4627
5,6225	0,4652
5,6248	0,4677
5,6279	0,4702
5,6319	0,4728
5,6368	0,4753
5,6425	0,4779
5,6489	0,4806
5,6559	0,4833
5,6636	0,4861
5,6718	0,4890
5,6804	0,4919
5,6893	0,4950
5,6985	0,4981
5,7078	0,5014
5,7172	0,5048
5,7266	0,5082
5,7359	0,5118
5,7449	0,5155
5,7538	0,5192
5,7623	0,5231
5,7705	0,5270
5,7784	0,5310
5,7858	0,5350
5,7928	0,5391
5,7994	0,5431
5,8056	0,5471
5,8114	0,5511
5,8169	0,5551
5,8221	0,5590
5,8270	0,5627
5,8318	0,5664
5,8364	0,5699
5,8410	0,5732
5,8457	0,5764
5,8504	0,5793
5,8553	0,5821
5,8604	0,5846
5,8658	0,5868
5,8716	0,5888
5,8777	0,5906
5,8843	0,5920
5,8914	0,5932
5,8990	0,5942
5,9071	0,5948
5,9158	0,5952
5,9250	0,5953
5,9346	0,5952
5,9448	0,5948
5,9554	0,5942
5,9664	0,5933
5,9778	0,5923
5,9894	0,5911
6,0013	0,5897
6,0134	0,5881
6,0255	0,5864
6,0377	0,5846
6,0498	0,5827
6,0618	0,5807
6,0736	0,5786
6,0851	0,5765
6,0963	0,5743
6,1072	0,5721
6,1175	0,5698
6,1274	0,5676
6,1368	0,5653
6,1457	0,5631
6,1540	0,5609
6,1617	0,5587
6,1688	0,5565
6,1754	0,5543
6,1814	0,5522
6,1869	0,5501
6,1919	0,5480
6,1964	0,5459
6,2004	0,5438
6,2041	0,5418
6,2074	0,5397
6,2104	0,5376
6,2132	0,5355
6,2157	0,5334
6,2181	0,5312
6,2204	0,5290
6,2226	0,5268
6,2249	0,5245
6,2271	0,5221
6,2295	0,5196
6,2319	0,5171
6,2346	0,5145
6,2374	0,5118
6,2404	0,5089
6,2437	0,5060
6,2473	0,5030
6,2512	0,4999
6,2553	0,4967
6,2599	0,4934
6,2647	0,4900
6,2700	0,4865
6,2756	0,4829
6,2816	0,4793
6,2880	0,4755
6,2947	0,4717
6,3019	0,4679
6,3095	0,4640
6,3175	0,4600
6,3260	0,4561
6,3348	0,4521
6,3441	0,4482
6,3538	0,4442
6,3640	0,4403
6,3745	0,4365
6,3855	0,4327
6,3969	0,4289
6,4087	0,4253
6,4209	0,4218
6,4334	0,4184
6,4463	0,4151
6,4596	0,4120
6,4731	0,4090
6,4868	0,4063
6,5008	0,4037
6,5150	0,4013
6,5292	0,3992
6,5435	0,3973
6,5577	0,3957
6,5719	0,3942
6,5859	0,3931
6,5996	0,3922
6,6130	0,3916
6,6260	0,3913
6,6385	0,3912
6,6505	0,3914
6,6618	0,3918
6,6724	0,3925
6,6821	0,3935
6,6911	0,3947
6,6991	0,3961
6,7061	0,3977
6,7122	0,3996
6,7173	0,4015
6,7213	0,4037
6,7243	0,4060
6,7263	0,4084
6,7272	0,4109
6,7273	0,4135
6,7264	0,4161
6,7247	0,4187
6,7222	0,4214
6,7191	0,4241
6,7154	0,4267
6,7113	0,4293
6,7068	0,4318
6,7021	0,4343
6,6973	0,4367
6,6926	0,4390
6,6880	0,4412
6,6837	0,4433
6,6798	0,4453
6,6765	0,4472
6,6738	0,4491
6,6719	0,4508
6,6709	0,4525
6,6708	0,4541
6,6718	0,4557
6,6738	0,4572
6,6770	0,4587
6,6813	0,4602
6,6869	0,4618
6,6935	0,4633
6,7014	0,4649
6,7104	0,4665
6,7205	0,4682
6,7316	0,4700
6,7437	0,4719
6,7566	0,4739
6,7703	0,4760
6,7848	0,4783
6,7998	0,4807
6,8152	0,4832
6,8311	0,4858
6,8471	0,4886
6,8633	0,4915
6,8795	0,4945
6,8955	0,4977
6,9114	0,5009
6,9269	0,5043
6,9420	0,5078
6,9566	0,5113
6,9707	0,5149
6,9840	0,5185
6,9967	0,5222
7,0087	0,5259
7,0198	0,5296
7,0301	0,5333
7,0397	0,5370
7,0484	0,5406
7,0563	0,5442
7,0634	0,5477
7,0698	0,5511
7,0754	0,5545
7,0804	0,5577
7,0848	0,5609
7,0887	0,5639
7,0920	0,5668
7,0950	0,5696
7,0976	0,5722
7,0999	0,5748
7,1021	0,5772
7,1041	0,5795
7,1060	0,5817
7,1080	0,5837
7,1100	0,5856
7,1121	0,5875
7,1144	0,5892
7,1169	0,5908
7,1196	0,5923
7,1225	0,5936
7,1258	0,5949
7,1293	0,5961
7,1330	0,5972
7,1370	0,5983
7,1413	0,5992
7,1458	0,6000
7,1505	0,6007
7,1553	0,6014
7,1601	0,6019
7,1651	0,6024
7,1700	0,6027
7,1749	0,6029
7,1797	0,6031
7,1843	0,6031
7,1886	0,6029
7,1927	0,6027
7,1965	0,6023
7,2000	0,6018
7,2030	0,6011
7,2056	0,6003
7,2079	0,5993
7,2096	0,5982
7,2110	0,5969
7,2119	0,5954
7,2124	0,5938
7,2126	0,5919
7,2124	0,5900
7,2120	0,5878
7,2114	0,5855
7,2106	0,5830
7,2098	0,5803
7,2091	0,5775
7,2084	0,5745
7,2080	0,5713
7,2079	0,5680
7,2082	0,5646
7,2090	0,5610
7,2104	0,5573
7,2125	0,5535
7,2154	0,5496
7,2191	0,5456
7,2237	0,5415
7,2293	0,5373
7,2358	0,5331
7,2434	0,5288
7,2519	0,5245
7,2615	0,5201
7,2721	0,5157
7,2837	0,5113
7,2961	0,5070
7,3095	0,5026
7,3236	0,4982
7,3384	0,4939
7,3538	0,4896
7,3696	0,4854
7,3859	0,4812
7,4023	0,4771
7,4189	0,4730
7,4355	0,4690
7,4519	0,4651
7,4680	0,4613
7,4837	0,4576
7,4988	0,4540
7,5133	0,4505
7,5271	0,4471
7,5399	0,4438
7,5518	0,4406
7,5627	0,4375
7,5724	0,4345
7,5810	0,4316
7,5884	0,4289
7,5946	0,4262
7,5996	0,4237
7,6033	0,4213
7,6059	0,4190
7,6074	0,4168
7,6077	0,4147
7,6071	0,4127
7,6056	0,4109
7,6033	0,4091
7,6003	0,4075
7,5967	0,4060
7,5927	0,4046
7,5884	0,4033
7,5839	0,4021
7,5795	0,4010
7,5752	0,4001
7,5712	0,3992
7,5676	0,3985
7,5646	0,3979
7,5623	0,3974
7,5609	0,3970
7,5603	0,3967
7,5609	0,3965
7,5625	0,3964
7,5653	0,3965
7,5693	0,3966
7,5746	0,3969
7,5812	0,3972
7,5890	0,3977
7,5981	0,3983
7,6084	0,3989
7,6197	0,3997
7,6322	0,4006
7,6456	0,4015
7,6598	0,4026
7,6747	0,4037
7,6903	0,4049
7,7062	0,4062
7,7225	0,4076
7,7389	0,4090
7,7553	0,4105
7,7714	0,4120
7,7873	0,4136
7,8026	0,4153
7,8174	0,4170
7,8314	0,4187
7,8445	0,4205
7,8566	0,4223
7,8676	0,4241
7,8775	0,4260
7,8862	0,4279
7,8937	0,4298
7,8999	0,4318
7,9048	0,4338
7,9085	0,4359
7,9111	0,4379
7,9124	0,4400
7,9127	0,4422
7,9121	0,4444
7,9105	0,4466
7,9082	0,4489
7,9053	0,4512
7,9019	0,4536
7,8981	0,4560
7,8940	0,4585
7,8899	0,4611
7,8859	0,4637
7,8820	0,4664
7,8785	0,4692
7,8754	0,4720
7,8729	0,4748
7,8711	0,4778
7,8700	0,4808
7,8697	0,4839
7,8704	0,4870
7,8720	0,4902
7,8745	0,4934
7,8780	0,4967
7,8826	0,5000
7,8881	0,5033
7,8945	0,5067
7,9018	0,5101
7,9099	0,5135
7,9188	0,5169
7,9284	0,5204
7,9386	0,5238
7,9493	0,5272
7,9604	0,5306
7,9719	0,5339
7,9835	0,5373
7,9952	0,5406
8,0070	0,5438
8,0187	0,5470
8,0302	0,5501
8,0415	0,5532
8,0526	0,5562
8,0632	0,5591
8,0735	0,5619
8,0833	0,5646
8,0926	0,5673
8,1015	0,5698
8,1099	0,5723
8,1179	0,5746
8,1254	0,5769
8,1325	0,5790
8,1392	0,5810
8,1455	0,5829
8,1516	0,5846
8,1574	0,5863
8,1630	0,5878
8,1685	0,5892
8,1740	0,5904
8,1794	0,5915
8,1848	0,5925
8,1903	0,5934
8,1959	0,5941
8,2017	0,5947
8,2077	0,5952
8,2139	0,5956
8,2203	0,5958
8,2270	0,5959
8,2339	0,5959
8,2410	0,5958
8,2484	0,5955
8,2559	0,5952
8,2637	0,5947
8,2716	0,5941
8,2796	0,5934
8,2877	0,5927
8,2959	0,5918
8,3040	0,5907
8,3121	0,5896
8,3201	0,5884
8,3279	0,5871
8,3356	0,5856
8,3430	0,5841
8,3502	0,5824
8,3570	0,5806
8,3635	0,5787
8,3697	0,5767
8,3754	0,5745
8,3808	0,5723
8,3857	0,5698
8,3902	0,5673
8,3942	0,5646
8,3979	0,5618
8,4011	0,5588
8,4040	0,5557
8,4064	0,5524
8,4086	0,5490
8,4105	0,5455
8,4121	0,5418
8,4135	0,5380
8,4148	0,5341
8,4160	0,5300
8,4171	0,5259
8,4183	0,5216
8,4196	0,5173
8,4210	0,5128
8,4226	0,5083
8,4246	0,5038
8,4268	0,4992
8,4295	0,4945
8,4326	0,4899
8,4362	0,4853
8,4403	0,4807
8,4449	0,4761
8,4501	0,4716
8,4560	0,4671
8,4624	0,4628
8,4694	0,4585
8,4769	0,4543
8,4850	0,4503
8,4937	0,4464
8,5028	0,4427
8,5123	0,4391
8,5223	0,4357
8,5325	0,4325
8,5430	0,4295
8,5536	0,4266
8,5643	0,4239
8,5751	0,4214
8,5858	0,4191
8,5963	0,4169
8,6067	0,4149
8,6167	0,4131
8,6264	0,4114
8,6357	0,4099
8,6445	0,4085
8,6528	0,4072
8,6605	0,4060
8,6676	0,4050
8,6742	0,4040
8,6801	0,4031
8,6853	0,4023
8,6900	0,4015
8,6940	0,4008
8,6975	0,4002
8,7005	0,3995
8,7030	0,3989
8,7050	0,3984
8,7067	0,3978
8,7082	0,3973
8,7093	0,3968
8,7104	0,3963
8,7114	0,3958
8,7124	0,3954
8,7136	0,3950
8,7149	0,3946
8,7165	0,3942
8,7184	0,3939
8,7208	0,3937
8,7237	0,3934
8,7271	0,3933
8,7312	0,3932
8,7359	0,3933
8,7414	0,3934
8,7476	0,3936
8,7545	0,3939
8,7622	0,3943
8,7707	0,3948
8,7800	0,3955
8,7900	0,3962
8,8007	0,3971
8,8121	0,3981
8,8242	0,3992
8,8369	0,4005
8,8500	0,4019
8,8636	0,4033
8,8776	0,4049
8,8919	0,4066
8,9064	0,4083
8,9211	0,4102
8,9358	0,4121
8,9504	0,4141
8,9649	0,4162
8,9791	0,4183
8,9930	0,4204
9,0066	0,4226
9,0197	0,4248
9,0323	0,4270
9,0443	0,4292
9,0556	0,4314
9,0663	0,4336
9,0763	0,4359
9,0855	0,4381
9,0940	0,4403
9,1018	0,4425
9,1088	0,4447
9,1151	0,4469
9,1207	0,4491
9,1256	0,4513
9,1299	0,4536
9,1336	0,4558
9,1368	0,4581
9,1396	0,4604
9,1419	0,4628
9,1439	0,4652
9,1456	0,4677
9,1471	0,4703
9,1485	0,4729
9,1498	0,4756
9,1511	0,4784
9,1524	0,4813
9,1538	0,4843
9,1554	0,4874
9,1572	0,4907
9,1591	0,4940
9,1613	0,4974
9,1638	0,5008
9,1665	0,5044
9,1696	0,5081
9,1729	0,5118
9,1764	0,5156
9,1802	0,5194
9,1843	0,5232
9,1885	0,5271
9,1930	0,5309
9,1975	0,5348
9,2022	0,5386
9,2070	0,5423
9,2118	0,5460
9,2167	0,5496
9,2215	0,5531
9,2264	0,5565
9,2311	0,5597
9,2359	0,5628
9,2405	0,5658
9,2451	0,5685
9,2496	0,5711
9,2541	0,5735
9,2585	0,5756
9,2629	0,5776
9,2672	0,5793
9,2716	0,5809
9,2761	0,5822
9,2806	0,5832
9,2853	0,5841
9,2901	0,5847
9,2951	0,5851
9,3004	0,5853
9,3059	0,5853
9,3117	0,5850
9,3178	0,5846
9,3243	0,5840
9,3312	0,5832
9,3384	0,5822
9,3461	0,5810
9,3542	0,5797
9,3627	0,5782
9,3716	0,5766
9,3809	0,5749
9,3906	0,5730
9,4007	0,5711
9,4110	0,5690
9,4217	0,5668
9,4326	0,5646
9,4437	0,5622
9,4550	0,5599
9,4664	0,5574
9,4778	0,5549
9,4892	0,5524
9,5005	0,5498
9,5116	0,5472
9,5226	0,5446
9,5333	0,5420
9,5436	0,5394
9,5536	0,5367
9,5632	0,5341
9,5722	0,5315
9,5807	0,5289
9,5886	0,5263
9,5959	0,5237
9,6025	0,5212
9,6084	0,5186
9,6136	0,5161
9,6181	0,5136
9,6218	0,5112
9,6247	0,5087
9,6270	0,5063
9,6285	0,5039
9,6293	0,5016
9,6294	0,4992
9,6289	0,4969
9,6277	0,4945
9,6261	0,4922
9,6239	0,4899
9,6213	0,4876
9,6183	0,4853
9,6150	0,4830
9,6114	0,4806
9,6077	0,4782
9,6040	0,4759
9,6002	0,4734
9,5965	0,4710
9,5930	0,4685
9,5897	0,4660
9,5867	0,4634
9,5842	0,4607
9,5821	0,4580
9,5805	0,4553
9,5796	0,4525
9,5793	0,4496
9,5797	0,4467
9,5809	0,4437
9,5829	0,4406
9,5857	0,4375
9,5895	0,4344
9,5941	0,4312
9,5996	0,4280
9,6060	0,4248
9,6133	0,4216
9,6215	0,4183
9,6305	0,4151
9,6404	0,4119
9,6511	0,4087
9,6625	0,4056
9,6746	0,4026
9,6874	0,3996
9,7007	0,3967
9,7145	0,3940
9,7288	0,3914
9,7434	0,3889
9,7583	0,3866
9,7735	0,3844
9,7887	0,3825
9,8040	0,3807
9,8193	0,3792
9,8344	0,3779
9,8494	0,3767
9,8641	0,3759
9,8785	0,3752
9,8925	0,3748
9,9060	0,3746
9,9191	0,3747
9,9316	0,3750
9,9435	0,3755
9,9547	0,3762
9,9653	0,3771
9,9752	0,3782
9,9844	0,3795
9,9928	0,3810
10,0005	0,3826
10,0074	0,3844
10,0136	0,3863
10,0191	0,3883
10,0239	0,3904
10,0279	0,3926
10,0313	0,3948
10,0341	0,3971
10,0363	0,3994
10,0379	0,4017
10,0390	0,4040
10,0397	0,4063
10,0400	0,4085
10,0400	0,4108
10,0397	0,4129
10,0393	0,4151
10,0387	0,4171
10,0381	0,4191
10,0375	0,4210
10,0370	0,4229
10,0366	0,4246
10,0365	0,4263
10,0366	0,4280
10,0371	0,4295
10,0380	0,4311
10,0393	0,4325
10,0411	0,4340
10,0434	0,4354
10,0463	0,4368
10,0498	0,4382
10,0538	0,4396
10,0585	0,4410
10,0638	0,4425
10,0697	0,4440
10,0762	0,4456
10,0833	0,4473
10,0909	0,4490
10,0991	0,4509
10,1078	0,4529
10,1169	0,4550
10,1265	0,4573
10,1364	0,4597
10,1466	0,4623
10,1570	0,4650
10,1676	0,4679
10,1783	0,4709
10,1891	0,4741
10,1999	0,4774
10,2105	0,4809
10,2210	0,4846
10,2313	0,4883
10,2413	0,4922
10,2510	0,4962
10,2603	0,5003
10,2692	0,5045
10,2776	0,5087
10,2855	0,5129
10,2928	0,5172
10,2997	0,5215
10,3059	0,5258
10,3117	0,5300
10,3168	0,5342
10,3215	0,5383
10,3257	0,5423
10,3293	0,5462
10,3326	0,5500
10,3355	0,5536
10,3380	0,5571
10,3403	0,5604
10,3424	0,5636
10,3443	0,5666
10,3461	0,5693
10,3479	0,5719
10,3497	0,5743
10,3516	0,5764
10,3537	0,5784
10,3559	0,5801
10,3584	0,5817
10,3612	0,5831
10,3644	0,5842
10,3679	0,5852
10,3718	0,5861
10,3761	0,5867
10,3809	0,5873
10,3861	0,5876
10,3918	0,5879
10,3978	0,5880
10,4043	0,5880
10,4113	0,5879
10,4186	0,5878
10,4263	0,5876
10,4343	0,5873
10,4426	0,5870
10,4513	0,5866
10,4601	0,5862
10,4692	0,5857
10,4784	0,5853
10,4878	0,5848
10,4973	0,5843
10,5068	0,5838
10,5163	0,5833
10,5258	0,5828
10,5353	0,5823
10,5447	0,5817
10,5540	0,5812
10,5632	0,5806
10,5722	0,5800
10,5810	0,5793
10,5896	0,5787
10,5979	0,5780
10,6060	0,5772
10,6139	0,5764
10,6214	0,5755
10,6286	0,5745
10,6355	0,5735
10,6420	0,5724
10,6483	0,5711
10,6541	0,5698
10,6596	0,5684
10,6647	0,5669
10,6695	0,5653
10,6739	0,5635
10,6780	0,5617
10,6817	0,5597
10,6851	0,5576
10,6882	0,5554
10,6911	0,5531
10,6936	0,5507
10,6959	0,5482
10,6981	0,5455
10,7000	0,5428
10,7019	0,5400
10,7037	0,5371
10,7055	0,5341
10,7073	0,5310
10,7092	0,5279
10,7112	0,5247
10,7134	0,5214
10,7158	0,5182
10,7185	0,5148
10,7215	0,5115
10,7249	0,5081
10,7286	0,5047
10,7328	0,5013
10,7373	0,4979
10,7423	0,4946
10,7478	0,4912
10,7536	0,4878
10,7599	0,4845
10,7666	0,4812
10,7736	0,4779
10,7809	0,4747
10,7885	0,4715
10,7963	0,4683
10,8043	0,4652
10,8123	0,4621
10,8204	0,4591
10,8284	0,4561
10,8364	0,4532
10,8441	0,4503
10,8516	0,4474
10,8588	0,4446
10,8656	0,4419
10,8720	0,4392
10,8779	0,4365
10,8834	0,4339
10,8883	0,4313
10,8927	0,4287
10,8966	0,4263
10,9000	0,4238
10,9028	0,4214
10,9051	0,4190
10,9070	0,4167
10,9085	0,4145
10,9097	0,4122
10,9105	0,4101
10,9112	0,4080
10,9117	0,4059
10,9122	0,4039
10,9127	0,4020
10,9133	0,4002
10,9142	0,3984
10,9153	0,3967
10,9168	0,3952
10,9188	0,3937
10,9213	0,3923
10,9245	0,3910
10,9283	0,3899
10,9328	0,3888
10,9381	0,3879
10,9442	0,3872
10,9510	0,3865
10,9587	0,3861
10,9672	0,3857
10,9765	0,3856
10,9865	0,3856
10,9973	0,3857
11,0086	0,3860
11,0206	0,3865
11,0331	0,3871
11,0460	0,3879
11,0592	0,3889
11,0727	0,3900
11,0863	0,3912
11,0999	0,3926
11,1135	0,3942
11,1269	0,3959
11,1400	0,3976
11,1527	0,3995
11,1649	0,4016
11,1766	0,4037
11,1876	0,4059
11,1979	0,4081
11,2074	0,4105
11,2160	0,4128
11,2237	0,4153
11,2304	0,4177
11,2362	0,4202
11,2410	0,4227
11,2448	0,4252
11,2476	0,4277
11,2495	0,4302
11,2504	0,4327
11,2504	0,4352
11,2496	0,4376
11,2481	0,4400
11,2458	0,4423
11,2430	0,4446
11,2396	0,4469
11,2358	0,4491
11,2317	0,4512
11,2273	0,4533
11,2228	0,4554
11,2183	0,4574
11,2139	0,4593
11,2098	0,4612
11,2059	0,4631
11,2025	0,4649
11,1996	0,4667
11,1973	0,4685
11,1958	0,4702
11,1951	0,4719
11,1953	0,4736
11,1964	0,4753
11,1986	0,4770
11,2018	0,4787
11,2062	0,4805
11,2117	0,4822
11,2184	0,4840
11,2263	0,4858
11,2354	0,4876
11,2457	0,4895
11,2571	0,4914
11,2696	0,4934
11,2831	0,4955
11,2977	0,4975
11,3132	0,4997
11,3295	0,5019
11,3466	0,5042
11,3644	0,5065
11,3827	0,5089
11,4014	0,5114
11,4204	0,5139
11,4397	0,5164
11,4590	0,5190
11,4782	0,5216
11,4972	0,5243
11,5160	0,5269
11,5342	0,5296
11,5520	0,5323
11,5690	0,5350
11,5853	0,5376
11,6006	0,5402
11,6150	0,5428
11,6284	0,5454
11,6406	0,5478
11,6516	0,5503
11,6614	0,5526
11,6699	0,5548
11,6771	0,5570
11,6830	0,5590
11,6877	0,5610
11,6911	0,5628
11,6933	0,5645
11,6942	0,5661
11,6941	0,5675
11,6930	0,5689
11,6909	0,5701
11,6879	0,5711
11,6842	0,5721
11,6798	0,5729
11,6749	0,5735
11,6696	0,5741
11,6641	0,5746
11,6584	0,5749
11,6526	0,5751
11,6470	0,5753
11,6417	0,5753
11,6367	0,5752
11,6322	0,5751
11,6283	0,5749
11,6251	0,5746
11,6226	0,5742
11,6211	0,5738
11,6205	0,5733
11,6210	0,5727
11,6225	0,5721
11,6251	0,5715
11,6289	0,5708
11,6338	0,5700
11,6398	0,5692
11,6469	0,5684
11,6551	0,5675
11,6643	0,5665
11,6744	0,5655
11,6855	0,5644
11,6973	0,5633
11,7097	0,5621
11,7228	0,5609
11,7362	0,5596
11,7500	0,5582
11,7640	0,5567
11,7780	0,5552
11,7920	0,5536
11,8057	0,5519
11,8190	0,5502
11,8319	0,5484
11,8442	0,5464
11,8557	0,5444
11,8664	0,5424
11,8763	0,5402
11,8851	0,5380
11,8929	0,5356
11,8996	0,5332
11,9051	0,5307
11,9096	0,5282
11,9129	0,5255
11,9150	0,5228
11,9161	0,5200
11,9162	0,5172
11,9153	0,5142
11,9135	0,5112
11,9110	0,5082
11,9077	0,5051
11,9039	0,5019
11,8997	0,4987
11,8951	0,4955
11,8903	0,4922
11,8854	0,4889
11,8806	0,4856
11,8760	0,4823
11,8716	0,4790
11,8677	0,4757
11,8644	0,4724
11,8616	0,4692
11,8596	0,4660
11,8584	0,4628
11,8580	0,4597
11,8586	0,4567
11,8601	0,4537
11,8627	0,4508
11,8663	0,4480
11,8709	0,4452
11,8765	0,4426
11,8832	0,4401
11,8908	0,4377
11,8993	0,4354
11,9088	0,4332
11,9191	0,4311
11,9301	0,4291
11,9418	0,4272
11,9541	0,4254
11,9669	0,4238
11,9801	0,4222
11,9936	0,4207
12,0074	0,4193
12,0212	0,4180
12,0351	0,4167
12,0489	0,4155
12,0625	0,4144
12,0758	0,4133
12,0888	0,4123
12,1014	0,4114
12,1135	0,4104
12,1251	0,4096
12,1361	0,4087
12,1464	0,4079
12,1560	0,4070
12,1650	0,4063
12,1733	0,4055
12,1809	0,4048
12,1878	0,4040
12,1940	0,4033
12,1996	0,4027
12,2046	0,4020
12,2091	0,4014
12,2131	0,4009
12,2166	0,4003
12,2198	0,3998
12,2227	0,3994
12,2254	0,3990
12,2279	0,3987
12,2304	0,3985
12,2329	0,3983
12,2355	0,3982
12,2383	0,3983
12,2413	0,3984
12,2447	0,3987
12,2483	0,3990
12,2524	0,3995
12,2570	0,4001
12,2621	0,4009
12,2677	0,4018
12,2738	0,4028
12,2805	0,4040
12,2877	0,4053
12,2955	0,4068
12,3037	0,4084
12,3124	0,4102
12,3216	0,4121
12,3311	0,4142
12,3409	0,4163
12,3510	0,4186
12,3612	0,4210
12,3716	0,4235
12,3819	0,4261
12,3921	0,4287
12,4021	0,4314
12,4118	0,4342
12,4211	0,4370
12,4300	0,4398
12,4384	0,4426
12,4461	0,4454
12,4531	0,4481
12,4593	0,4508
12,4648	0,4535
12,4693	0,4560
12,4730	0,4585
12,4758	0,4609
12,4776	0,4632
12,4786	0,4653
12,4786	0,4673
12,4779	0,4692
12,4763	0,4710
12,4740	0,4727
12,4711	0,4742
12,4676	0,4756
12,4637	0,4768
12,4594	0,4780
12,4550	0,4791
12,4504	0,4800
12,4460	0,4810
12,4417	0,4818
12,4378	0,4826
12,4344	0,4834
12,4316	0,4842
12,4295	0,4850
12,4283	0,4858
12,4280	0,4867
12,4289	0,4876
12,4309	0,4886
12,4341	0,4897
12,4386	0,4910
12,4443	0,4923
12,4515	0,4938
12,4599	0,4955
12,4696	0,4973
12,4805	0,4992
12,4926	0,5013
12,5058	0,5036
12,5200	0,5061
12,5351	0,5087
12,5510	0,5115
12,5674	0,5144
12,5843	0,5175
12,6016	0,5207
12,6190	0,5241
12,6363	0,5275
12,6536	0,5311
12,6705	0,5347
12,6869	0,5384
12,7028	0,5421
12,7179	0,5459
12,7323	0,5496
12,7456	0,5534
12,7580	0,5571
12,7694	0,5607
12,7796	0,5643
12,7887	0,5678
12,7968	0,5711
12,8037	0,5744
12,8095	0,5775
12,8144	0,5804
12,8183	0,5832
12,8214	0,5857
12,8238	0,5881
12,8255	0,5903
12,8267	0,5922
12,8274	0,5940
12,8279	0,5955
12,8283	0,5968
12,8286	0,5979
12,8289	0,5987
12,8294	0,5993
12,8302	0,5998
12,8314	0,6000
12,8330	0,6000
12,8351	0,5998
12,8377	0,5994
12,8408	0,5989
12,8446	0,5982
12,8489	0,5974
12,8538	0,5964
12,8592	0,5953
12,8651	0,5940
12,8714	0,5927
12,8781	0,5913
12,8851	0,5898
12,8924	0,5882
12,8997	0,5865
12,9072	0,5848
12,9146	0,5830
12,9220	0,5812
12,9291	0,5793
12,9361	0,5774
12,9427	0,5754
12,9489	0,5734
12,9547	0,5714
12,9601	0,5694
12,9650	0,5673
12,9694	0,5652
12,9733	0,5630
12,9767	0,5608
12,9796	0,5586
12,9822	0,5563
12,9843	0,5540
12,9862	0,5517
12,9877	0,5494
12,9891	0,5470
12,9903	0,5445
12,9915	0,5421
12,9927	0,5396
12,9940	0,5371
12,9956	0,5345
12,9973	0,5319
12,9994	0,5293
13,0019	0,5267
13,0049	0,5241
13,0083	0,5214
13,0123	0,5188
13,0168	0,5161
13,0219	0,5135
13,0276	0,5108
13,0338	0,5082
13,0405	0,5056
13,0478	0,5029
13,0555	0,5003
13,0637	0,4977
13,0722	0,4951
13,0811	0,4925
13,0901	0,4900
13,0994	0,4874
13,1087	0,4848
13,1180	0,4823
13,1273	0,4797
13,1364	0,4771
13,1453	0,4745
13,1540	0,4720
13,1623	0,4693
13,1702	0,4667
13,1778	0,4641
13,1848	0,4614
13,1914	0,4587
13,1975	0,4559
13,2031	0,4531
13,2082	0,4503
13,2128	0,4475
13,2170	0,4446
13,2207	0,4417
13,2240	0,4387
13,2270	0,4358
13,2296	0,4329
13,2320	0,4299
13,2342	0,4270
13,2363	0,4241
13,2383	0,4212
13,2402	0,4184
13,2422	0,4156
13,2444	0,4128
13,2467	0,4102
13,2491	0,4077
13,2519	0,4052
13,2550	0,4029
13,2584	0,4007
13,2621	0,3986
13,2663	0,3966
13,2709	0,3948
13,2759	0,3931
13,2813	0,3916
13,2871	0,3903
13,2934	0,3890
13,3001	0,3880
13,3071	0,3870
13,3145	0,3862
13,3222	0,3856
13,3301	0,3850
13,3383	0,3846
13,3467	0,3843
13,3552	0,3841
13,3638	0,3839
13,3724	0,3839
13,3810	0,3839
13,3895	0,3840
13,3978	0,3841
13,4060	0,3842
13,4139	0,3844
13,4216	0,3846
13,4288	0,3849
13,4358	0,3851
13,4423	0,3854
13,4483	0,3856
13,4539	0,3859
13,4590	0,3862
13,4636	0,3865
13,4676	0,3868
13,4712	0,3871
13,4742	0,3875
13,4766	0,3879
13,4786	0,3883
13,4801	0,3887
13,4812	0,3893
13,4818	0,3899
13,4820	0,3905
13,4818	0,3913
13,4814	0,3921
13,4807	0,3931
13,4798	0,3941
13,4787	0,3953
13,4776	0,3966
13,4764	0,3981
13,4753	0,3997
13,4743	0,4014
13,4734	0,4033
13,4727	0,4054
13,4723	0,4076
13,4723	0,4100
13,4726	0,4125
13,4735	0,4152
13,4748	0,4180
13,4766	0,4210
13,4791	0,4241
13,4821	0,4273
13,4859	0,4307
13,4903	0,4341
13,4954	0,4377
13,5012	0,4413
13,5078	0,4450
13,5150	0,4488
13,5230	0,4526
13,5318	0,4565
13,5412	0,4604
13,5513	0,4643
13,5620	0,4681
13,5734	0,4720
13,5853	0,4758
13,5977	0,4796
13,6107	0,4833
13,6241	0,4870
13,6379	0,4906
13,6520	0,4941
13,6664	0,4975
13,6810	0,5008
13,6957	0,5040
13,7106	0,5071
13,7255	0,5101
13,7403	0,5129
13,7551	0,5157
13,7698	0,5183
13,7842	0,5209
13,7984	0,5233
13,8123	0,5255
13,8259	0,5277
13,8390	0,5298
13,8518	0,5318
13,8641	0,5336
13,8760	0,5354
13,8874	0,5371
13,8982	0,5386
13,9086	0,5402
13,9185	0,5416
13,9278	0,5429
13,9367	0,5442
13,9450	0,5455
13,9529	0,5467
13,9604	0,5478
13,9674	0,5489
13,9741	0,5500
13,9804	0,5510
13,9863	0,5520
13,9920	0,5530
13,9974	0,5539
14,0025	0,5548
14,0075	0,5557
14,0122	0,5566
14,0168	0,5575
14,0213	0,5583
14,0257	0,5592
14,0299	0,5600
14,0341	0,5608
14,0382	0,5615
14,0423	0,5623
14,0462	0,5630
14,0501	0,5637
14,0539	0,5643
14,0577	0,5649
14,0613	0,5655
14,0648	0,5660
14,0683	0,5665
14,0716	0,5669
14,0747	0,5672
14,0777	0,5675
14,0806	0,5678
14,0833	0,5679
14,0858	0,5680
14,0882	0,5681
14,0904	0,5680
14,0924	0,5679
14,0942	0,5677
14,0958	0,5674
14,0973	0,5671
14,0987	0,5666
14,0999	0,5661
14,1010	0,5655
14,1019	0,5648
14,1028	0,5641
14,1037	0,5632
14,1045	0,5623
14,1052	0,5613
14,1060	0,5602
14,1068	0,5590
14,1076	0,5578
14,1085	0,5565
14,1095	0,5551
14,1107	0,5537
14,1119	0,5521
14,1133	0,5506
14,1149	0,5489
14,1166	0,5472
14,1186	0,5454
14,1207	0,5436
14,1231	0,5417
14,1256	0,5398
14,1283	0,5379
14,1312	0,5358
14,1344	0,5338
14,1376	0,5317
14,1411	0,5296
14,1447	0,5274
14,1484	0,5253
14,1522	0,5231
14,1562	0,5209
14,1602	0,5187
14,1643	0,5164
14,1684	0,5142
14,1726	0,5120
14,1768	0,5097
14,1811	0,5075
14,1854	0,5052
14,1897	0,5030
14,1941	0,5007
14,1985	0,4985
14,2030	0,4963
14,2075	0,4941
14,2122	0,4918
14,2169	0,4896
14,2217	0,4874
14,2267	0,4852
14,2319	0,4830
14,2372	0,4807
14,2428	0,4785
14,2486	0,4762
14,2546	0,4739
14,2610	0,4716
14,2676	0,4693
14,2745	0,4670
14,2817	0,4646
14,2892	0,4622
14,2971	0,4597
14,3052	0,4573
14,3137	0,4547
14,3225	0,4522
14,3315	0,4496
14,3409	0,4470
14,3505	0,4443
14,3603	0,4417
14,3703	0,4390
14,3805	0,4363
14,3908	0,4335
14,4012	0,4308
14,4118	0,4280
14,4223	0,4253
14,4329	0,4226
14,4434	0,4198
14,4539	0,4171
14,4643	0,4144
14,4745	0,4118
14,4846	0,4091
14,4946	0,4066
14,5043	0,4040
14,5138	0,4015
14,5230	0,3991
14,5319	0,3967
14,5406	0,3944
14,5489	0,3921
14,5570	0,3899
14,5647	0,3878
14,5721	0,3857
14,5791	0,3838
14,5858	0,3819
14,5922	0,3800
14,5982	0,3783
14,6039	0,3767
14,6093	0,3751
14,6143	0,3737
14,6191	0,3724
14,6236	0,3711
14,6278	0,3700
14,6318	0,3691
14,6355	0,3682
14,6390	0,3675
14,6424	0,3669
14,6455	0,3665
14,6486	0,3662
14,6515	0,3661
14,6543	0,3662
14,6571	0,3664
14,6598	0,3668
14,6625	0,3674
14,6652	0,3682
14,6680	0,3691
14,6708	0,3702
14,6738	0,3715
14,6768	0,3730
14,6799	0,3747
14,6832	0,3765
14,6866	0,3785
14,6901	0,3806
14,6938	0,3829
14,6976	0,3853
14,7016	0,3878
14,7057	0,3904
14,7099	0,3932
14,7143	0,3960
14,7186	0,3988
14,7231	0,4017
14,7276	0,4047
14,7320	0,4076
14,7364	0,4105
14,7408	0,4135
14,7450	0,4164
14,7491	0,4192
14,7531	0,4220
14,7568	0,4247
14,7603	0,4274
14,7635	0,4299
14,7665	0,4324
14,7692	0,4347
14,7716	0,4370
14,7736	0,4391
14,7754	0,4412
14,7769	0,4431
14,7781	0,4449
14,7791	0,4467
14,7798	0,4483
14,7804	0,4498
14,7808	0,4513
14,7811	0,4526
14,7814	0,4539
14,7818	0,4552
14,7823	0,4564
14,7829	0,4575
14,7838	0,4586
14,7850	0,4597
14,7866	0,4607
14,7887	0,4618
14,7912	0,4628
14,7944	0,4638
14,7983	0,4649
14,8028	0,4660
14,8081	0,4671
14,8141	0,4683
14,8210	0,4694
14,8286	0,4707
14,8371	0,4720
14,8463	0,4733
14,8564	0,4747
14,8672	0,4762
14,8787	0,4777
14,8908	0,4793
14,9036	0,4810
14,9169	0,4828
14,9306	0,4847
14,9448	0,4866
14,9592	0,4886
14,9737	0,4907
14,9884	0,4929
15,0031	0,4952
15,0176	0,4976
15,0320	0,5001
15,0461	0,5027
15,0598	0,5053
15,0730	0,5081
15,0856	0,5110
15,0977	0,5139
15,1091	0,5169
15,1197	0,5201
15,1296	0,5232
15,1386	0,5265
15,1469	0,5298
15,1543	0,5332
15,1609	0,5367
15,1667	0,5401
15,1716	0,5436
15,1759	0,5472
15,1794	0,5507
15,1822	0,5542
15,1845	0,5578
15,1862	0,5613
15,1875	0,5647
15,1883	0,5681
15,1888	0,5714
15,1891	0,5747
15,1891	0,5778
15,1891	0,5808
15,1890	0,5837
15,1888	0,5864
15,1888	0,5890
15,1888	0,5914
15,1890	0,5936
15,1893	0,5957
15,1898	0,5975
15,1905	0,5991
15,1914	0,6005
15,1924	0,6016
15,1937	0,6025
15,1951	0,6032
15,1967	0,6036
15,1984	0,6038
15,2003	0,6037
15,2021	0,6034
15,2041	0,6028
15,2060	0,6021
15,2080	0,6011
15,2099	0,5999
15,2118	0,5984
15,2137	0,5968
15,2155	0,5951
15,2172	0,5931
15,2189	0,5911
15,2206	0,5889
15,2223	0,5866
15,2241	0,5842
15,2259	0,5817
15,2279	0,5792
15,2300	0,5767
15,2323	0,5741
15,2349	0,5715
15,2378	0,5689
15,2412	0,5664
15,2449	0,5639
15,2492	0,5615
15,2540	0,5591
15,2594	0,5568
15,2654	0,5546
15,2721	0,5525
15,2794	0,5504
15,2874	0,5484
15,2962	0,5466
15,3056	0,5448
15,3157	0,5431
15,3265	0,5414
15,3380	0,5399
15,3501	0,5384
15,3627	0,5369
15,3759	0,5355
15,3895	0,5342
15,4035	0,5328
15,4179	0,5315
15,4326	0,5301
15,4475	0,5287
15,4626	0,5273
15,4777	0,5258
15,4928	0,5243
15,5079	0,5227
15,5228	0,5210
15,5375	0,5193
15,5520	0,5174
15,5661	0,5154
15,5798	0,5132
15,5932	0,5110
15,6060	0,5086
15,6183	0,5061
15,6301	0,5034
15,6412	0,5007
15,6518	0,4977
15,6617	0,4947
15,6710	0,4915
15,6796	0,4882
15,6876	0,4847
15,6949	0,4812
15,7016	0,4776
15,7077	0,4738
15,7131	0,4700
15,7180	0,4662
15,7223	0,4623
15,7261	0,4583
15,7295	0,4543
15,7323	0,4503
15,7348	0,4464
15,7370	0,4424
15,7388	0,4385
15,7404	0,4346
15,7417	0,4308
15,7429	0,4271
15,7439	0,4235
15,7449	0,4199
15,7458	0,4166
15,7467	0,4133
15,7476	0,4102
15,7486	0,4073
15,7497	0,4045
15,7509	0,4019
15,7523	0,3995
15,7538	0,3973
15,7554	0,3953
15,7573	0,3935
15,7593	0,3919
15,7615	0,3905
15,7640	0,3893
15,7666	0,3883
15,7694	0,3875
15,7723	0,3870
15,7755	0,3866
15,7787	0,3863
15,7821	0,3863
15,7857	0,3864
15,7893	0,3867
15,7930	0,3871
15,7968	0,3876
15,8006	0,3882
15,8045	0,3890
15,8084	0,3898
15,8123	0,3906
