-0,4106	0,4068
-0,4022	0,4095
-0,3931	0,4124
-0,3834	0,4153
-0,3732	0,4183
-0,3624	0,4214
-0,3512	0,4246
-0,3396	0,4278
-0,3276	0,4311
-0,3154	0,4344
-0,3030	0,4378
-0,2904	0,4412
-0,2778	0,4446
-0,2652	0,4481
-0,2527	0,4516
-0,2403	0,4552
-0,2281	0,4588
-0,2161	0,4624
-0,2045	0,4661
-0,1933	0,4699
-0,1824	0,4737
-0,1720	0,4776
-0,1620	0,4815
-0,1525	0,4855
-0,1436	0,4896
-0,1351	0,4937
-0,1272	0,4979
-0,1197	0,5022
-0,1129	0,5065
-0,1065	0,5109
-0,1006	0,5153
-0,0951	0,5198
-0,0901	0,5244
-0,0855	0,5290
-0,0813	0,5336
-0,0775	0,5382
-0,0739	0,5428
-0,0706	0,5474
-0,0676	0,5520
-0,0647	0,5566
-0,0619	0,5611
-0,0592	0,5655
-0,0565	0,5699
-0,0539	0,5741
-0,0511	0,5782
-0,0482	0,5821
-0,0452	0,5860
-0,0420	0,5896
-0,0385	0,5930
-0,0348	0,5962
-0,0307	0,5992
-0,0263	0,6020
-0,0214	0,6045
-0,0162	0,6068
-0,0105	0,6088
-0,0044	0,6105
0,0021	0,6119
0,0091	0,6131
0,0166	0,6139
0,0245	0,6145
0,0329	0,6149
0,0416	0,6149
0,0508	0,6147
0,0603	0,6143
0,0702	0,6135
0,0803	0,6126
0,0907	0,6115
0,1013	0,6101
0,1120	0,6086
0,1228	0,6069
0,1336	0,6051
0,1444	0,6031
0,1552	0,6010
0,1658	0,5989
0,1763	0,5966
0,1866	0,5944
0,1966	0,5920
0,2063	0,5897
0,2157	0,5873
0,2247	0,5849
0,2334	0,5826
0,2418	0,5803
0,2498	0,5779
0,2574	0,5757
0,2647	0,5734
0,2717	0,5712
0,2784	0,5690
0,2849	0,5668
0,2912	0,5646
0,2974	0,5624
0,3035	0,5602
0,3095	0,5579
0,3157	0,5557
0,3219	0,5533
0,3283	0,5509
0,3349	0,5485
0,3418	0,5459
0,3490	0,5431
0,3566	0,5403
0,3646	0,5373
0,3730	0,5341
0,3819	0,5308
0,3913	0,5273
0,4011	0,5236
0,4113	0,5197
0,4219	0,5156
0,4329	0,5113
0,4442	0,5069
0,4557	0,5022
0,4674	0,4974
0,4792	0,4924
0,4910	0,4872
0,5026	0,4819
0,5141	0,4766
0,5252	0,4711
0,5360	0,4655
0,5462	0,4599
0,5557	0,4543
0,5646	0,4487
0,5727	0,4432
0,5799	0,4377
0,5861	0,4323
0,5913	0,4270
0,5955	0,4219
0,5986	0,4169
0,6006	0,4122
0,6016	0,4076
0,6015	0,4034
0,6004	0,3994
0,5983	0,3957
0,5953	0,3923
0,5915	0,3892
0,5871	0,3864
0,5820	0,3840
0,5765	0,3820
0,5706	0,3803
0,5645	0,3789
0,5583	0,3779
0,5522	0,3773
0,5463	0,3769
0,5408	0,3770
0,5358	0,3773
0,5314	0,3780
0,5278	0,3790
0,5251	0,3803
0,5233	0,3818
0,5227	0,3837
0,5231	0,3857
0,5249	0,3880
0,5279	0,3905
0,5322	0,3932
0,5378	0,3960
0,5449	0,3991
0,5533	0,4022
0,5630	0,4055
0,5740	0,4089
0,5862	0,4124
0,5996	0,4160
0,6141	0,4197
0,6297	0,4234
0,6462	0,4272
0,6635	0,4310
0,6815	0,4349
0,7001	0,4388
0,7192	0,4428
0,7386	0,4468
0,7583	0,4508
0,7782	0,4548
0,7980	0,4589
0,8177	0,4630
0,8373	0,4671
0,8565	0,4713
0,8753	0,4755
0,8936	0,4797
0,9113	0,4839
0,9285	0,4882
0,9449	0,4924
0,9606	0,4967
0,9756	0,5011
0,9897	0,5054
1,0031	0,5098
1,0156	0,5141
1,0274	0,5185
1,0384	0,5229
1,0487	0,5272
1,0582	0,5315
1,0671	0,5358
1,0753	0,5401
1,0830	0,5443
1,0901	0,5484
1,0967	0,5525
1,1029	0,5565
1,1087	0,5604
1,1141	0,5642
1,1193	0,5679
1,1242	0,5715
1,1288	0,5749
1,1333	0,5782
1,1376	0,5814
1,1417	0,5844
1,1457	0,5873
1,1495	0,5900
1,1532	0,5926
1,1568	0,5950
1,1601	0,5972
1,1633	0,5993
1,1663	0,6011
1,1691	0,6029
1,1716	0,6044
1,1739	0,6058
1,1759	0,6070
1,1776	0,6081
1,1791	0,6090
1,1802	0,6097
1,1810	0,6104
1,1815	0,6108
1,1817	0,6111
1,1817	0,6113
1,1813	0,6114
1,1807	0,6113
1,1800	0,6111
1,1790	0,6108
1,1779	0,6103
1,1766	0,6098
1,1754	0,6091
1,1741	0,6084
1,1728	0,6075
1,1716	0,6066
1,1705	0,6055
1,1696	0,6044
1,1688	0,6032
1,1683	0,6018
1,1681	0,6004
1,1681	0,5989
1,1685	0,5974
1,1692	0,5957
1,1703	0,5940
1,1717	0,5921
1,1735	0,5902
1,1756	0,5882
1,1781	0,5861
1,1810	0,5840
1,1842	0,5817
1,1878	0,5794
1,1917	0,5769
1,1959	0,5744
1,2004	0,5718
1,2052	0,5691
1,2103	0,5663
1,2157	0,5635
1,2214	0,5605
1,2274	0,5575
1,2337	0,5544
1,2403	0,5512
1,2472	0,5480
1,2544	0,5446
1,2620	0,5412
1,2699	0,5378
1,2782	0,5342
1,2870	0,5307
1,2961	0,5270
1,3057	0,5233
1,3158	0,5196
1,3263	0,5158
1,3374	0,5120
1,3490	0,5082
1,3611	0,5043
1,3737	0,5004
1,3869	0,4965
1,4005	0,4925
1,4147	0,4885
1,4293	0,4846
1,4444	0,4805
1,4599	0,4765
1,4757	0,4725
1,4919	0,4684
1,5083	0,4643
1,5249	0,4603
1,5417	0,4562
1,5585	0,4521
1,5754	0,4480
1,5921	0,4439
1,6087	0,4398
1,6251	0,4357
1,6412	0,4317
1,6569	0,4277
1,6721	0,4237
1,6869	0,4198
1,7011	0,4159
1,7146	0,4121
1,7275	0,4084
1,7396	0,4047
1,7510	0,4012
1,7615	0,3979
1,7712	0,3947
1,7801	0,3916
1,7881	0,3888
1,7953	0,3862
1,8016	0,3837
1,8071	0,3816
1,8118	0,3797
1,8158	0,3781
1,8191	0,3768
1,8217	0,3758
1,8237	0,3751
1,8252	0,3748
1,8263	0,3748
1,8270	0,3752
1,8274	0,3760
1,8276	0,3771
1,8277	0,3786
1,8278	0,3805
1,8280	0,3827
1,8283	0,3853
1,8288	0,3882
1,8297	0,3915
1,8310	0,3951
1,8327	0,3990
1,8350	0,4032
1,8378	0,4076
1,8413	0,4123
1,8454	0,4173
1,8502	0,4224
1,8557	0,4277
1,8619	0,4332
1,8688	0,4388
1,8764	0,4446
1,8846	0,4504
1,8935	0,4563
1,9030	0,4622
1,9131	0,4682
1,9236	0,4742
1,9345	0,4801
1,9459	0,4861
1,9575	0,4920
1,9694	0,4978
1,9814	0,5036
1,9935	0,5093
2,0056	0,5150
2,0176	0,5205
2,0294	0,5259
2,0411	0,5313
2,0524	0,5365
2,0635	0,5416
2,0741	0,5466
2,0843	0,5515
2,0940	0,5563
2,1031	0,5609
2,1117	0,5654
2,1198	0,5698
2,1272	0,5741
2,1340	0,5782
2,1402	0,5822
2,1458	0,5861
2,1508	0,5898
2,1552	0,5934
2,1591	0,5968
2,1624	0,6001
2,1652	0,6032
2,1675	0,6062
2,1694	0,6090
2,1709	0,6116
2,1720	0,6140
2,1728	0,6163
2,1733	0,6184
2,1736	0,6203
2,1737	0,6221
2,1735	0,6237
2,1733	0,6250
2,1729	0,6263
2,1725	0,6273
2,1721	0,6282
2,1716	0,6289
2,1712	0,6294
2,1709	0,6298
2,1706	0,6301
2,1704	0,6302
2,1704	0,6302
2,1705	0,6301
2,1709	0,6299
2,1714	0,6296
2,1722	0,6292
2,1732	0,6288
2,1745	0,6282
2,1762	0,6277
2,1782	0,6270
2,1807	0,6264
2,1835	0,6257
2,1869	0,6250
2,1907	0,6242
2,1951	0,6234
2,2000	0,6227
2,2056	0,6218
2,2118	0,6210
2,2186	0,6201
2,2261	0,6192
2,2343	0,6183
2,2433	0,6172
2,2529	0,6162
2,2632	0,6150
2,2742	0,6138
2,2859	0,6125
2,2982	0,6110
2,3111	0,6094
2,3245	0,6077
2,3384	0,6058
2,3526	0,6038
2,3673	0,6016
2,3821	0,5992
2,3971	0,5966
2,4122	0,5938
2,4272	0,5908
2,4421	0,5876
2,4567	0,5842
2,4710	0,5806
2,4848	0,5767
2,4982	0,5727
2,5109	0,5684
2,5229	0,5640
2,5342	0,5593
2,5446	0,5545
2,5542	0,5496
2,5629	0,5445
2,5707	0,5393
2,5776	0,5340
2,5837	0,5286
2,5888	0,5231
2,5932	0,5176
2,5968	0,5121
2,5996	0,5066
2,6019	0,5011
2,6037	0,4957
2,6050	0,4903
2,6061	0,4850
2,6069	0,4798
2,6076	0,4747
2,6084	0,4697
2,6093	0,4649
2,6105	0,4603
2,6120	0,4558
2,6140	0,4514
2,6165	0,4473
2,6196	0,4433
2,6234	0,4395
2,6280	0,4360
2,6333	0,4326
2,6394	0,4294
2,6464	0,4264
2,6541	0,4236
2,6626	0,4210
2,6718	0,4185
2,6817	0,4163
2,6923	0,4142
2,7033	0,4123
2,7149	0,4106
2,7267	0,4091
2,7389	0,4077
2,7512	0,4065
2,7636	0,4055
2,7759	0,4046
2,7881	0,4039
2,8000	0,4034
2,8116	0,4030
2,8228	0,4028
2,8334	0,4028
2,8435	0,4029
2,8529	0,4033
2,8616	0,4037
2,8696	0,4044
2,8769	0,4053
2,8834	0,4063
2,8891	0,4075
2,8941	0,4089
2,8983	0,4105
2,9019	0,4123
2,9048	0,4142
2,9071	0,4164
2,9089	0,4187
2,9103	0,4212
2,9113	0,4239
2,9119	0,4268
2,9124	0,4298
2,9127	0,4330
2,9130	0,4364
2,9133	0,4399
2,9138	0,4436
2,9144	0,4474
2,9154	0,4514
2,9167	0,4555
2,9185	0,4597
2,9208	0,4640
2,9236	0,4685
2,9271	0,4730
2,9312	0,4776
2,9361	0,4823
2,9417	0,4871
2,9480	0,4919
2,9551	0,4968
2,9630	0,5017
2,9717	0,5067
2,9811	0,5117
2,9913	0,5167
3,0022	0,5217
3,0138	0,5267
3,0261	0,5318
3,0390	0,5368
3,0524	0,5418
3,0664	0,5468
3,0809	0,5517
3,0958	0,5566
3,1110	0,5615
3,1265	0,5663
3,1423	0,5710
3,1582	0,5756
3,1742	0,5802
3,1903	0,5847
3,2063	0,5891
3,2222	0,5934
3,2380	0,5976
3,2536	0,6017
3,2688	0,6057
3,2837	0,6095
3,2982	0,6132
3,3122	0,6167
3,3258	0,6201
3,3387	0,6233
3,3510	0,6264
3,3626	0,6293
3,3735	0,6321
3,3837	0,6346
3,3930	0,6370
3,4016	0,6392
3,4092	0,6412
3,4160	0,6430
3,4219	0,6446
3,4269	0,6461
3,4310	0,6473
3,4342	0,6484
3,4364	0,6492
3,4378	0,6499
3,4384	0,6504
3,4381	0,6507
3,4370	0,6508
3,4351	0,6508
3,4326	0,6506
3,4295	0,6503
3,4258	0,6498
3,4216	0,6492
3,4170	0,6484
3,4121	0,6476
3,4070	0,6466
3,4017	0,6455
3,3965	0,6443
3,3913	0,6431
3,3863	0,6417
3,3816	0,6403
3,3773	0,6388
3,3735	0,6373
3,3704	0,6357
3,3679	0,6341
3,3662	0,6324
3,3654	0,6307
3,3655	0,6289
3,3666	0,6271
3,3688	0,6252
3,3722	0,6234
3,3766	0,6214
3,3822	0,6194
3,3890	0,6174
3,3969	0,6152
3,4060	0,6130
3,4161	0,6108
3,4273	0,6084
3,4394	0,6059
3,4524	0,6034
3,4661	0,6007
3,4806	0,5978
3,4955	0,5949
3,5109	0,5918
3,5266	0,5885
3,5425	0,5851
3,5583	0,5815
3,5740	0,5777
3,5894	0,5738
3,6044	0,5697
3,6188	0,5654
3,6326	0,5609
3,6455	0,5563
3,6574	0,5515
3,6684	0,5465
3,6782	0,5414
3,6868	0,5361
3,6943	0,5307
3,7004	0,5252
3,7053	0,5196
3,7089	0,5139
3,7113	0,5081
3,7125	0,5023
3,7125	0,4964
3,7115	0,4906
3,7096	0,4847
3,7069	0,4789
3,7035	0,4732
3,6996	0,4675
3,6953	0,4620
3,6908	0,4565
3,6864	0,4512
3,6821	0,4461
3,6782	0,4411
3,6748	0,4363
3,6722	0,4318
3,6705	0,4274
3,6698	0,4234
3,6704	0,4195
3,6723	0,4159
3,6757	0,4126
3,6806	0,4095
3,6872	0,4067
3,6955	0,4041
3,7055	0,4018
3,7173	0,3998
3,7307	0,3980
3,7459	0,3965
3,7626	0,3952
3,7809	0,3941
3,8005	0,3933
3,8214	0,3927
3,8434	0,3923
3,8663	0,3920
3,8899	0,3920
3,9141	0,3921
3,9386	0,3924
3,9632	0,3928
3,9877	0,3934
4,0120	0,3941
4,0357	0,3949
4,0586	0,3959
4,0807	0,3969
4,1017	0,3981
4,1215	0,3994
4,1399	0,4007
4,1567	0,4022
4,1720	0,4037
4,1856	0,4053
4,1974	0,4070
4,2074	0,4088
4,2157	0,4107
4,2222	0,4126
4,2269	0,4147
4,2300	0,4168
4,2314	0,4190
4,2313	0,4213
4,2298	0,4237
4,2270	0,4261
4,2231	0,4287
4,2181	0,4313
4,2123	0,4340
4,2058	0,4368
4,1987	0,4397
4,1912	0,4427
4,1835	0,4458
4,1757	0,4489
4,1679	0,4522
4,1603	0,4555
4,1530	0,4590
4,1461	0,4625
4,1397	0,4661
4,1339	0,4698
4,1288	0,4735
4,1245	0,4774
4,1209	0,4813
4,1183	0,4853
4,1164	0,4894
4,1155	0,4935
4,1155	0,4977
4,1163	0,5020
4,1181	0,5063
4,1207	0,5106
4,1242	0,5150
4,1285	0,5195
4,1336	0,5239
4,1394	0,5284
4,1460	0,5329
4,1532	0,5374
4,1611	0,5420
4,1695	0,5464
4,1785	0,5509
4,1880	0,5554
4,1979	0,5597
4,2082	0,5641
4,2189	0,5683
4,2299	0,5725
4,2412	0,5766
4,2527	0,5805
4,2643	0,5844
4,2761	0,5881
4,2880	0,5916
4,2999	0,5950
4,3118	0,5983
4,3236	0,6013
4,3353	0,6041
4,3468	0,6068
4,3581	0,6092
4,3691	0,6114
4,3797	0,6134
4,3901	0,6151
4,3999	0,6166
4,4094	0,6179
4,4183	0,6190
4,4268	0,6198
4,4346	0,6203
4,4419	0,6207
4,4487	0,6208
4,4548	0,6208
4,4603	0,6205
4,4653	0,6200
4,4696	0,6193
4,4735	0,6185
4,4768	0,6175
4,4796	0,6163
4,4820	0,6150
4,4840	0,6135
4,4856	0,6120
4,4870	0,6103
4,4882	0,6086
4,4893	0,6067
4,4903	0,6048
4,4913	0,6029
4,4924	0,6008
4,4937	0,5987
4,4952	0,5966
4,4970	0,5945
4,4992	0,5923
4,5018	0,5900
4,5049	0,5878
4,5086	0,5855
4,5129	0,5832
4,5177	0,5808
4,5233	0,5785
4,5295	0,5760
4,5363	0,5736
4,5439	0,5711
4,5521	0,5685
4,5610	0,5659
4,5705	0,5632
4,5806	0,5604
4,5913	0,5575
4,6025	0,5546
4,6142	0,5515
4,6263	0,5484
4,6387	0,5451
4,6514	0,5418
4,6643	0,5383
4,6774	0,5348
4,6905	0,5311
4,7037	0,5273
4,7168	0,5235
4,7298	0,5195
4,7427	0,5154
4,7553	0,5112
4,7676	0,5070
4,7797	0,5027
4,7914	0,4983
4,8027	0,4939
4,8136	0,4895
4,8241	0,4850
4,8342	0,4806
4,8438	0,4761
4,8530	0,4716
4,8618	0,4672
4,8701	0,4629
4,8780	0,4586
4,8855	0,4544
4,8927	0,4503
4,8994	0,4462
4,9058	0,4423
4,9119	0,4385
4,9176	0,4349
4,9231	0,4313
4,9283	0,4280
4,9332	0,4247
4,9379	0,4216
4,9423	0,4186
4,9465	0,4158
4,9505	0,4131
4,9543	0,4106
4,9578	0,4082
4,9612	0,4060
4,9644	0,4038
4,9674	0,4018
4,9702	0,4000
4,9729	0,3982
4,9754	0,3966
4,9777	0,3950
4,9799	0,3936
4,9820	0,3923
4,9840	0,3912
4,9859	0,3901
4,9877	0,3891
4,9894	0,3883
4,9912	0,3876
4,9929	0,3870
4,9948	0,3865
4,9967	0,3862
4,9987	0,3861
5,0009	0,3861
5,0033	0,3862
5,0060	0,3865
5,0089	0,3870
5,0122	0,3878
5,0159	0,3887
5,0199	0,3898
5,0245	0,3911
5,0295	0,3927
5,0350	0,3945
5,0411	0,3965
5,0477	0,3988
5,0550	0,4013
5,0628	0,4040
5,0712	0,4070
5,0802	0,4102
5,0897	0,4137
5,0999	0,4174
5,1105	0,4213
5,1217	0,4253
5,1333	0,4296
5,1453	0,4341
5,1577	0,4387
5,1704	0,4434
5,1833	0,4483
5,1965	0,4533
5,2097	0,4583
5,2229	0,4634
5,2362	0,4686
5,2493	0,4737
5,2622	0,4788
5,2748	0,4840
5,2870	0,4890
5,2989	0,4940
5,3102	0,4989
5,3210	0,5038
5,3312	0,5084
5,3406	0,5130
5,3494	0,5174
5,3573	0,5217
5,3645	0,5258
5,3708	0,5298
5,3763	0,5336
5,3809	0,5373
5,3846	0,5408
5,3875	0,5441
5,3895	0,5473
5,3908	0,5504
5,3912	0,5533
5,3910	0,5561
5,3901	0,5588
5,3886	0,5615
5,3866	0,5640
5,3841	0,5665
5,3813	0,5690
5,3783	0,5714
5,3750	0,5737
5,3717	0,5761
5,3684	0,5785
5,3652	0,5808
5,3622	0,5832
5,3596	0,5857
5,3574	0,5881
5,3556	0,5906
5,3545	0,5931
5,3540	0,5956
5,3543	0,5981
5,3553	0,6007
5,3573	0,6032
5,3601	0,6058
5,3639	0,6084
5,3687	0,6109
5,3745	0,6134
5,3813	0,6158
5,3891	0,6181
5,3979	0,6204
5,4077	0,6225
5,4184	0,6245
5,4300	0,6264
5,4425	0,6281
5,4558	0,6296
5,4698	0,6309
5,4844	0,6321
5,4996	0,6330
5,5153	0,6336
5,5314	0,6340
5,5477	0,6342
5,5643	0,6341
5,5809	0,6337
5,5974	0,6331
5,6139	0,6321
5,6301	0,6310
5,6460	0,6295
5,6614	0,6279
5,6763	0,6259
5,6905	0,6237
5,7040	0,6213
5,7167	0,6187
5,7286	0,6159
5,7395	0,6129
5,7493	0,6097
5,7582	0,6063
5,7659	0,6029
5,7726	0,5993
5,7781	0,5956
5,7825	0,5918
5,7858	0,5879
5,7879	0,5840
5,7890	0,5800
5,7891	0,5760
5,7883	0,5720
5,7865	0,5680
5,7839	0,5641
5,7806	0,5601
5,7766	0,5562
5,7721	0,5524
5,7672	0,5485
5,7620	0,5448
5,7565	0,5411
5,7510	0,5375
5,7456	0,5339
5,7403	0,5304
5,7353	0,5269
5,7307	0,5236
5,7267	0,5202
5,7234	0,5169
5,7208	0,5137
5,7190	0,5105
5,7183	0,5073
5,7185	0,5042
5,7199	0,5011
5,7224	0,4979
5,7261	0,4948
5,7311	0,4917
5,7374	0,4885
5,7449	0,4853
5,7537	0,4821
5,7637	0,4789
5,7749	0,4757
5,7873	0,4724
5,8009	0,4690
5,8155	0,4656
5,8310	0,4622
5,8475	0,4588
5,8647	0,4553
5,8827	0,4518
5,9012	0,4482
5,9202	0,4447
5,9396	0,4412
5,9592	0,4376
5,9790	0,4341
5,9988	0,4306
6,0185	0,4272
6,0380	0,4238
6,0571	0,4205
6,0758	0,4173
6,0940	0,4142
6,1115	0,4112
6,1283	0,4083
6,1443	0,4056
6,1594	0,4030
6,1734	0,4006
6,1865	0,3983
6,1984	0,3962
6,2092	0,3944
6,2189	0,3927
6,2273	0,3912
6,2344	0,3900
6,2404	0,3889
6,2451	0,3881
6,2486	0,3875
6,2509	0,3871
6,2520	0,3869
6,2521	0,3870
6,2511	0,3872
6,2491	0,3876
6,2462	0,3883
6,2424	0,3891
6,2380	0,3901
6,2329	0,3913
6,2273	0,3927
6,2213	0,3942
6,2150	0,3959
6,2085	0,3977
6,2020	0,3996
6,1955	0,4017
6,1892	0,4038
6,1832	0,4061
6,1776	0,4085
6,1726	0,4110
6,1681	0,4135
6,1643	0,4161
6,1613	0,4188
6,1591	0,4216
6,1578	0,4244
6,1575	0,4273
6,1582	0,4302
6,1599	0,4332
6,1626	0,4362
6,1664	0,4393
6,1712	0,4424
6,1770	0,4455
6,1837	0,4487
6,1914	0,4520
6,2000	0,4553
6,2095	0,4587
6,2196	0,4621
6,2305	0,4655
6,2420	0,4690
6,2540	0,4726
6,2665	0,4762
6,2794	0,4799
6,2925	0,4836
6,3057	0,4874
6,3191	0,4913
6,3325	0,4952
6,3457	0,4991
6,3588	0,5031
6,3716	0,5072
6,3841	0,5113
6,3961	0,5154
6,4076	0,5196
6,4186	0,5238
6,4290	0,5281
6,4388	0,5323
6,4478	0,5366
6,4561	0,5408
6,4637	0,5451
6,4705	0,5493
6,4765	0,5535
6,4818	0,5577
6,4864	0,5618
6,4903	0,5659
6,4935	0,5699
6,4961	0,5738
6,4981	0,5776
6,4996	0,5814
6,5007	0,5850
6,5014	0,5885
6,5019	0,5919
6,5021	0,5952
6,5022	0,5983
6,5023	0,6013
6,5025	0,6042
6,5028	0,6069
6,5034	0,6094
6,5042	0,6117
6,5055	0,6139
6,5071	0,6159
6,5093	0,6178
6,5121	0,6194
6,5155	0,6209
6,5195	0,6223
6,5241	0,6234
6,5295	0,6244
6,5355	0,6253
6,5421	0,6259
6,5494	0,6265
6,5573	0,6269
6,5657	0,6271
6,5747	0,6272
6,5841	0,6272
6,5939	0,6271
6,6039	0,6268
6,6142	0,6265
6,6246	0,6260
6,6350	0,6255
6,6454	0,6248
6,6556	0,6241
6,6657	0,6232
6,6754	0,6223
6,6848	0,6214
6,6937	0,6203
6,7022	0,6192
6,7101	0,6180
6,7174	0,6167
6,7242	0,6153
6,7304	0,6139
6,7360	0,6124
6,7410	0,6108
6,7455	0,6091
6,7495	0,6073
6,7530	0,6054
6,7562	0,6035
6,7591	0,6014
6,7618	0,5992
6,7644	0,5969
6,7670	0,5945
6,7697	0,5920
6,7726	0,5893
6,7758	0,5865
6,7794	0,5836
6,7835	0,5805
6,7882	0,5773
6,7935	0,5739
6,7996	0,5705
6,8065	0,5668
6,8143	0,5631
6,8229	0,5591
6,8324	0,5551
6,8427	0,5509
6,8540	0,5466
6,8660	0,5422
6,8788	0,5377
6,8924	0,5331
6,9065	0,5284
6,9211	0,5236
6,9362	0,5187
6,9515	0,5138
6,9670	0,5088
6,9825	0,5038
6,9979	0,4988
7,0130	0,4938
7,0277	0,4888
7,0418	0,4838
7,0553	0,4789
7,0680	0,4740
7,0797	0,4692
7,0904	0,4644
7,1000	0,4598
7,1084	0,4553
7,1155	0,4509
7,1213	0,4466
7,1259	0,4424
7,1290	0,4384
7,1309	0,4346
7,1316	0,4309
7,1310	0,4274
7,1292	0,4241
7,1264	0,4209
7,1226	0,4179
7,1180	0,4151
7,1127	0,4125
7,1067	0,4101
7,1003	0,4078
7,0937	0,4057
7,0868	0,4038
7,0799	0,4021
7,0732	0,4005
7,0668	0,3991
7,0607	0,3978
7,0551	0,3967
7,0502	0,3957
7,0460	0,3949
7,0426	0,3941
7,0401	0,3935
7,0385	0,3930
7,0378	0,3927
7,0382	0,3924
7,0395	0,3922
7,0418	0,3921
7,0451	0,3921
7,0492	0,3922
7,0543	0,3923
7,0601	0,3926
7,0667	0,3929
7,0739	0,3933
7,0817	0,3937
7,0899	0,3943
7,0986	0,3949
7,1076	0,3956
7,1168	0,3964
7,1261	0,3972
7,1355	0,3982
7,1449	0,3992
7,1543	0,4004
7,1635	0,4016
7,1725	0,4030
7,1814	0,4044
7,1900	0,4060
7,1984	0,4078
7,2066	0,4097
7,2146	0,4117
7,2224	0,4138
7,2300	0,4161
7,2375	0,4186
7,2449	0,4213
7,2522	0,4241
7,2596	0,4271
7,2670	0,4302
7,2746	0,4335
7,2823	0,4370
7,2903	0,4407
7,2986	0,4445
7,3073	0,4485
7,3163	0,4526
7,3258	0,4569
7,3357	0,4613
7,3461	0,4659
7,3570	0,4705
7,3685	0,4753
7,3805	0,4801
7,3930	0,4850
7,4060	0,4900
7,4195	0,4950
7,4334	0,5000
7,4477	0,5050
7,4625	0,5100
7,4775	0,5150
7,4928	0,5199
7,5083	0,5248
7,5240	0,5295
7,5397	0,5341
7,5555	0,5386
7,5711	0,5430
7,5867	0,5472
7,6020	0,5512
7,6171	0,5551
7,6318	0,5587
7,6461	0,5622
7,6599	0,5655
7,6732	0,5685
7,6859	0,5713
7,6979	0,5740
7,7093	0,5764
7,7199	0,5786
7,7298	0,5807
7,7389	0,5825
7,7472	0,5842
7,7547	0,5857
7,7613	0,5870
7,7672	0,5882
7,7723	0,5893
7,7766	0,5902
7,7801	0,5911
7,7829	0,5918
7,7851	0,5925
7,7865	0,5931
7,7874	0,5937
7,7878	0,5942
7,7877	0,5948
7,7871	0,5953
7,7862	0,5958
7,7850	0,5963
7,7836	0,5968
7,7819	0,5974
7,7802	0,5979
7,7784	0,5985
7,7766	0,5991
7,7749	0,5997
7,7733	0,6003
7,7718	0,6010
7,7706	0,6016
7,7696	0,6022
7,7688	0,6029
7,7684	0,6035
7,7683	0,6040
7,7685	0,6046
7,7691	0,6050
7,7700	0,6054
7,7714	0,6058
7,7730	0,6060
7,7751	0,6062
7,7775	0,6062
7,7803	0,6062
7,7834	0,6060
7,7868	0,6056
7,7906	0,6052
7,7946	0,6046
7,7990	0,6038
7,8036	0,6029
7,8085	0,6018
7,8136	0,6005
7,8191	0,5991
7,8247	0,5975
7,8306	0,5957
7,8368	0,5938
7,8432	0,5918
7,8499	0,5895
7,8569	0,5872
7,8641	0,5846
7,8716	0,5820
7,8795	0,5792
7,8876	0,5763
7,8961	0,5732
7,9049	0,5701
7,9141	0,5668
7,9236	0,5635
7,9334	0,5600
7,9436	0,5565
7,9542	0,5529
7,9651	0,5492
7,9763	0,5454
7,9877	0,5416
7,9995	0,5377
8,0114	0,5338
8,0236	0,5298
8,0358	0,5258
8,0481	0,5217
8,0604	0,5176
8,0727	0,5134
8,0848	0,5092
8,0967	0,5050
8,1084	0,5008
8,1197	0,4965
8,1306	0,4922
8,1409	0,4879
8,1507	0,4836
8,1599	0,4792
8,1684	0,4749
8,1761	0,4705
8,1830	0,4662
8,1891	0,4619
8,1943	0,4576
8,1986	0,4533
8,2020	0,4491
8,2046	0,4449
8,2062	0,4408
8,2070	0,4368
8,2070	0,4328
8,2063	0,4290
8,2048	0,4252
8,2026	0,4216
8,2000	0,4181
8,1968	0,4147
8,1933	0,4115
8,1895	0,4084
8,1856	0,4055
8,1817	0,4027
8,1779	0,4001
8,1743	0,3977
8,1710	0,3954
8,1682	0,3934
8,1660	0,3915
8,1645	0,3898
8,1639	0,3883
8,1641	0,3870
8,1653	0,3858
8,1677	0,3848
8,1712	0,3840
8,1758	0,3833
8,1818	0,3827
8,1890	0,3824
8,1975	0,3821
8,2073	0,3820
8,2184	0,3820
8,2307	0,3821
8,2442	0,3824
8,2589	0,3827
8,2746	0,3831
8,2913	0,3836
8,3089	0,3842
8,3272	0,3849
8,3463	0,3856
8,3659	0,3864
8,3859	0,3873
8,4062	0,3882
8,4267	0,3892
8,4472	0,3902
8,4676	0,3913
8,4877	0,3925
8,5075	0,3938
8,5268	0,3951
8,5455	0,3965
8,5635	0,3979
8,5806	0,3995
8,5968	0,4011
8,6120	0,4029
8,6261	0,4047
8,6390	0,4066
8,6507	0,4086
8,6612	0,4108
8,6704	0,4130
8,6782	0,4154
8,6848	0,4179
8,6901	0,4205
8,6941	0,4232
8,6969	0,4261
8,6985	0,4291
8,6989	0,4322
8,6983	0,4354
8,6968	0,4388
8,6943	0,4423
8,6911	0,4459
8,6871	0,4496
8,6826	0,4535
8,6776	0,4574
8,6723	0,4615
8,6667	0,4656
8,6611	0,4698
8,6554	0,4741
8,6498	0,4785
8,6445	0,4829
8,6396	0,4874
8,6350	0,4919
8,6310	0,4964
8,6277	0,5010
8,6250	0,5055
8,6230	0,5101
8,6219	0,5146
8,6216	0,5191
8,6222	0,5235
8,6237	0,5279
8,6262	0,5322
8,6295	0,5364
8,6337	0,5406
8,6388	0,5446
8,6448	0,5486
8,6515	0,5524
8,6590	0,5562
8,6671	0,5598
8,6759	0,5632
8,6852	0,5666
8,6949	0,5698
8,7051	0,5729
8,7155	0,5758
8,7261	0,5786
8,7369	0,5812
8,7476	0,5837
8,7584	0,5860
8,7690	0,5882
8,7794	0,5903
8,7896	0,5922
8,7994	0,5940
8,8089	0,5957
8,8179	0,5973
8,8264	0,5987
8,8344	0,6000
8,8419	0,6012
8,8489	0,6024
8,8553	0,6034
8,8611	0,6043
8,8664	0,6052
8,8711	0,6059
8,8753	0,6066
8,8791	0,6072
8,8824	0,6078
8,8853	0,6083
8,8878	0,6087
8,8900	0,6090
8,8920	0,6093
8,8937	0,6096
8,8953	0,6097
8,8969	0,6099
8,8984	0,6099
8,8999	0,6099
8,9016	0,6099
8,9034	0,6097
8,9054	0,6095
8,9077	0,6092
8,9103	0,6089
8,9133	0,6084
8,9167	0,6079
8,9206	0,6073
8,9249	0,6066
8,9297	0,6058
8,9350	0,6048
8,9408	0,6038
8,9472	0,6027
8,9540	0,6015
8,9614	0,6001
8,9691	0,5986
8,9774	0,5970
8,9860	0,5953
8,9949	0,5935
9,0041	0,5916
9,0136	0,5895
9,0232	0,5873
9,0329	0,5850
9,0426	0,5826
9,0524	0,5801
9,0620	0,5775
9,0714	0,5748
9,0805	0,5720
9,0894	0,5692
9,0979	0,5662
9,1060	0,5632
9,1136	0,5601
9,1208	0,5569
9,1273	0,5537
9,1334	0,5505
9,1388	0,5472
9,1437	0,5439
9,1479	0,5406
9,1516	0,5372
9,1548	0,5338
9,1574	0,5304
9,1596	0,5271
9,1613	0,5237
9,1626	0,5203
9,1635	0,5169
9,1642	0,5136
9,1647	0,5103
9,1650	0,5070
9,1652	0,5037
9,1654	0,5005
9,1657	0,4973
9,1662	0,4941
9,1668	0,4910
9,1677	0,4878
9,1689	0,4848
9,1706	0,4817
9,1727	0,4787
9,1752	0,4757
9,1783	0,4728
9,1820	0,4698
9,1863	0,4669
9,1912	0,4641
9,1968	0,4612
9,2030	0,4583
9,2099	0,4555
9,2173	0,4526
9,2254	0,4498
9,2341	0,4469
9,2434	0,4441
9,2532	0,4413
9,2634	0,4384
9,2741	0,4355
9,2852	0,4327
9,2966	0,4298
9,3083	0,4269
9,3202	0,4240
9,3322	0,4211
9,3444	0,4182
9,3566	0,4154
9,3687	0,4125
9,3808	0,4096
9,3928	0,4068
9,4046	0,4040
9,4162	0,4012
9,4275	0,3985
9,4386	0,3959
9,4493	0,3933
9,4597	0,3908
9,4698	0,3884
9,4795	0,3861
9,4888	0,3839
9,4977	0,3818
9,5063	0,3798
9,5145	0,3780
9,5224	0,3764
9,5299	0,3749
9,5370	0,3736
9,5439	0,3725
9,5505	0,3715
9,5568	0,3708
9,5629	0,3702
9,5689	0,3699
9,5746	0,3698
9,5802	0,3698
9,5856	0,3701
9,5910	0,3707
9,5963	0,3714
9,6016	0,3723
9,6069	0,3735
9,6122	0,3749
9,6176	0,3764
9,6230	0,3782
9,6285	0,3802
9,6342	0,3824
9,6400	0,3847
9,6460	0,3873
9,6522	0,3900
9,6586	0,3928
9,6652	0,3958
9,6722	0,3990
9,6794	0,4023
9,6869	0,4057
9,6947	0,4093
9,7029	0,4129
9,7114	0,4166
9,7203	0,4204
9,7296	0,4243
9,7393	0,4283
9,7494	0,4323
9,7599	0,4363
9,7708	0,4404
9,7820	0,4446
9,7936	0,4487
9,8056	0,4529
9,8179	0,4570
9,8305	0,4612
9,8434	0,4654
9,8564	0,4696
9,8696	0,4738
9,8829	0,4779
9,8962	0,4821
9,9094	0,4863
9,9226	0,4905
9,9355	0,4946
9,9482	0,4988
9,9604	0,5030
9,9722	0,5071
9,9835	0,5113
9,9941	0,5154
10,0040	0,5196
10,0130	0,5238
10,0212	0,5280
10,0284	0,5322
10,0346	0,5363
10,0397	0,5405
10,0437	0,5447
10,0465	0,5489
10,0481	0,5530
10,0486	0,5571
10,0479	0,5612
10,0460	0,5652
10,0429	0,5692
10,0388	0,5731
10,0336	0,5770
10,0274	0,5807
10,0204	0,5843
10,0126	0,5879
10,0040	0,5912
9,9949	0,5945
9,9854	0,5975
9,9755	0,6004
9,9654	0,6031
9,9552	0,6056
9,9451	0,6079
9,9352	0,6099
9,9257	0,6117
9,9166	0,6133
9,9082	0,6146
9,9004	0,6156
9,8935	0,6164
9,8875	0,6170
9,8826	0,6173
9,8787	0,6173
9,8761	0,6171
9,8747	0,6167
9,8745	0,6160
9,8757	0,6152
9,8782	0,6141
9,8821	0,6129
9,8872	0,6114
9,8937	0,6099
9,9014	0,6082
9,9104	0,6064
9,9205	0,6045
9,9317	0,6026
9,9439	0,6006
9,9571	0,5985
9,9711	0,5965
9,9859	0,5944
10,0013	0,5924
10,0172	0,5904
10,0336	0,5885
10,0503	0,5867
10,0672	0,5849
10,0843	0,5832
10,1013	0,5815
10,1183	0,5800
10,1351	0,5786
10,1516	0,5773
10,1678	0,5760
10,1835	0,5748
10,1987	0,5738
10,2133	0,5727
10,2273	0,5718
10,2405	0,5709
10,2531	0,5700
10,2649	0,5691
10,2758	0,5682
10,2860	0,5674
10,2954	0,5665
10,3039	0,5655
10,3117	0,5645
10,3188	0,5634
10,3251	0,5622
10,3307	0,5609
10,3358	0,5595
10,3402	0,5580
10,3442	0,5563
10,3478	0,5544
10,3511	0,5524
10,3541	0,5502
10,3570	0,5479
10,3598	0,5454
10,3626	0,5427
10,3656	0,5398
10,3687	0,5368
10,3721	0,5336
10,3759	0,5302
10,3802	0,5268
10,3849	0,5231
10,3901	0,5194
10,3960	0,5155
10,4024	0,5116
10,4095	0,5076
10,4173	0,5035
10,4257	0,4994
10,4347	0,4953
10,4444	0,4912
10,4546	0,4871
10,4654	0,4831
10,4767	0,4791
10,4884	0,4751
10,5004	0,4713
10,5127	0,4675
10,5253	0,4639
10,5378	0,4604
10,5504	0,4570
10,5629	0,4538
10,5752	0,4507
10,5872	0,4479
10,5988	0,4451
10,6099	0,4426
10,6204	0,4402
10,6303	0,4379
10,6394	0,4359
10,6477	0,4340
10,6551	0,4323
10,6616	0,4307
10,6672	0,4292
10,6717	0,4279
10,6753	0,4267
10,6778	0,4256
10,6794	0,4246
10,6801	0,4238
10,6798	0,4229
10,6786	0,4222
10,6767	0,4215
10,6740	0,4208
10,6707	0,4202
10,6669	0,4195
10,6627	0,4189
10,6581	0,4183
10,6534	0,4177
10,6486	0,4171
10,6438	0,4165
10,6391	0,4158
10,6348	0,4151
10,6308	0,4144
10,6274	0,4137
10,6245	0,4130
10,6223	0,4122
10,6210	0,4115
10,6204	0,4108
10,6208	0,4100
10,6222	0,4093
10,6245	0,4086
10,6279	0,4080
10,6323	0,4074
10,6377	0,4069
10,6441	0,4065
10,6515	0,4062
10,6598	0,4060
10,6690	0,4058
10,6789	0,4058
10,6896	0,4060
10,7008	0,4063
10,7126	0,4067
10,7248	0,4073
10,7373	0,4081
10,7499	0,4090
10,7626	0,4101
10,7753	0,4113
10,7878	0,4128
10,7999	0,4144
10,8117	0,4161
10,8230	0,4181
10,8337	0,4201
10,8437	0,4224
10,8530	0,4247
10,8613	0,4272
10,8688	0,4298
10,8754	0,4325
10,8809	0,4353
10,8855	0,4382
10,8890	0,4412
10,8916	0,4442
10,8931	0,4472
10,8937	0,4503
10,8934	0,4535
10,8922	0,4566
10,8902	0,4598
10,8875	0,4629
10,8842	0,4660
10,8804	0,4692
10,8761	0,4723
10,8716	0,4754
10,8668	0,4784
10,8620	0,4814
10,8572	0,4844
10,8525	0,4874
10,8482	0,4904
10,8442	0,4933
10,8408	0,4962
10,8379	0,4991
10,8358	0,5020
10,8344	0,5050
10,8340	0,5079
10,8345	0,5108
10,8359	0,5138
10,8385	0,5167
10,8421	0,5198
10,8467	0,5228
10,8525	0,5260
10,8594	0,5291
10,8673	0,5324
10,8762	0,5356
10,8861	0,5390
10,8970	0,5424
10,9087	0,5458
10,9211	0,5493
10,9343	0,5529
10,9481	0,5564
10,9623	0,5600
10,9770	0,5637
10,9920	0,5673
11,0072	0,5709
11,0225	0,5745
11,0378	0,5781
11,0531	0,5816
11,0681	0,5851
11,0829	0,5884
11,0973	0,5917
11,1113	0,5949
11,1248	0,5979
11,1378	0,6008
11,1501	0,6035
11,1618	0,6061
11,1729	0,6084
11,1832	0,6106
11,1927	0,6126
11,2015	0,6144
11,2096	0,6160
11,2169	0,6173
11,2235	0,6185
11,2293	0,6194
11,2344	0,6201
11,2388	0,6206
11,2425	0,6210
11,2456	0,6211
11,2481	0,6211
11,2500	0,6209
11,2514	0,6205
11,2523	0,6200
11,2528	0,6194
11,2528	0,6187
11,2526	0,6179
11,2520	0,6170
11,2511	0,6161
11,2501	0,6151
11,2489	0,6141
11,2477	0,6131
11,2464	0,6121
11,2452	0,6112
11,2441	0,6102
11,2431	0,6093
11,2423	0,6084
11,2418	0,6076
11,2417	0,6068
11,2419	0,6061
11,2426	0,6054
11,2438	0,6048
11,2455	0,6042
11,2479	0,6037
11,2509	0,6032
11,2546	0,6027
11,2590	0,6023
11,2641	0,6018
11,2700	0,6013
11,2766	0,6008
11,2841	0,6003
11,2922	0,5997
11,3011	0,5990
11,3107	0,5983
11,3210	0,5974
11,3318	0,5964
11,3433	0,5953
11,3553	0,5941
11,3677	0,5927
11,3805	0,5911
11,3936	0,5894
11,4068	0,5875
11,4202	0,5854
11,4336	0,5831
11,4469	0,5806
11,4600	0,5780
11,4728	0,5752
11,4853	0,5722
11,4973	0,5691
11,5088	0,5658
11,5196	0,5623
11,5297	0,5587
11,5391	0,5551
11,5476	0,5513
11,5552	0,5474
11,5620	0,5435
11,5678	0,5395
11,5726	0,5354
11,5766	0,5314
11,5796	0,5273
11,5817	0,5233
11,5830	0,5193
11,5836	0,5153
11,5833	0,5114
11,5825	0,5075
11,5811	0,5037
11,5793	0,5000
11,5771	0,4964
11,5747	0,4928
11,5721	0,4894
11,5696	0,4861
11,5672	0,4828
11,5650	0,4796
11,5632	0,4766
11,5619	0,4736
11,5611	0,4707
11,5611	0,4679
11,5618	0,4651
11,5634	0,4624
11,5660	0,4598
11,5695	0,4572
11,5741	0,4547
11,5798	0,4522
11,5865	0,4497
11,5943	0,4472
11,6032	0,4448
11,6132	0,4423
11,6241	0,4399
11,6360	0,4374
11,6488	0,4350
11,6623	0,4325
11,6765	0,4301
11,6913	0,4276
11,7065	0,4251
11,7220	0,4227
11,7378	0,4202
11,7536	0,4178
11,7693	0,4154
11,7849	0,4130
11,8001	0,4106
11,8148	0,4083
11,8290	0,4060
11,8425	0,4038
11,8552	0,4017
11,8670	0,3997
11,8778	0,3977
11,8876	0,3959
11,8964	0,3941
11,9040	0,3925
11,9105	0,3911
11,9159	0,3897
11,9202	0,3886
11,9234	0,3876
11,9256	0,3867
11,9268	0,3861
11,9272	0,3856
11,9268	0,3853
11,9256	0,3852
11,9239	0,3852
11,9217	0,3855
11,9192	0,3860
11,9164	0,3866
11,9135	0,3874
11,9106	0,3884
11,9079	0,3896
11,9054	0,3910
11,9032	0,3925
11,9015	0,3941
11,9004	0,3959
11,8999	0,3978
11,9001	0,3999
11,9010	0,4020
11,9027	0,4043
11,9053	0,4066
11,9087	0,4091
11,9129	0,4116
11,9180	0,4141
11,9240	0,4167
11,9307	0,4193
11,9382	0,4219
11,9464	0,4246
11,9553	0,4273
11,9647	0,4300
11,9747	0,4327
11,9851	0,4353
11,9959	0,4380
12,0069	0,4407
12,0182	0,4434
12,0295	0,4460
12,0410	0,4487
12,0524	0,4513
12,0636	0,4540
12,0748	0,4566
12,0856	0,4593
12,0963	0,4620
12,1065	0,4646
12,1165	0,4674
12,1260	0,4701
12,1351	0,4729
12,1438	0,4757
12,1520	0,4785
12,1598	0,4814
12,1671	0,4843
12,1740	0,4873
12,1805	0,4903
12,1867	0,4934
12,1924	0,4966
12,1978	0,4997
12,2029	0,5030
12,2078	0,5063
12,2123	0,5096
12,2167	0,5130
12,2209	0,5164
12,2250	0,5199
12,2289	0,5233
12,2327	0,5268
12,2365	0,5303
12,2402	0,5339
12,2439	0,5374
12,2475	0,5409
12,2511	0,5443
12,2548	0,5478
12,2584	0,5512
12,2620	0,5546
12,2656	0,5579
12,2692	0,5611
12,2728	0,5642
12,2764	0,5673
12,2800	0,5703
12,2835	0,5732
12,2870	0,5760
12,2904	0,5787
12,2938	0,5812
12,2971	0,5837
12,3004	0,5860
12,3037	0,5882
12,3068	0,5903
12,3100	0,5923
12,3131	0,5941
12,3162	0,5958
12,3192	0,5975
12,3222	0,5989
12,3253	0,6003
12,3283	0,6016
12,3314	0,6028
12,3345	0,6038
12,3377	0,6048
12,3409	0,6057
12,3442	0,6065
12,3475	0,6072
12,3510	0,6079
12,3545	0,6085
12,3581	0,6091
12,3618	0,6096
12,3655	0,6100
12,3693	0,6104
12,3732	0,6108
12,3771	0,6112
12,3811	0,6115
12,3850	0,6118
12,3890	0,6120
12,3929	0,6122
12,3968	0,6124
12,4006	0,6126
12,4043	0,6128
12,4079	0,6129
12,4113	0,6130
12,4146	0,6130
12,4177	0,6130
12,4206	0,6129
12,4233	0,6128
12,4257	0,6126
12,4280	0,6123
12,4300	0,6119
12,4318	0,6115
12,4334	0,6109
12,4348	0,6103
12,4360	0,6095
12,4370	0,6087
12,4379	0,6077
12,4386	0,6065
12,4392	0,6053
12,4398	0,6039
12,4403	0,6023
12,4408	0,6006
12,4413	0,5988
12,4419	0,5968
12,4427	0,5947
12,4436	0,5924
12,4447	0,5900
12,4461	0,5875
12,4477	0,5848
12,4497	0,5820
12,4521	0,5791
12,4550	0,5761
12,4583	0,5729
12,4621	0,5697
12,4665	0,5664
12,4714	0,5630
12,4770	0,5595
12,4831	0,5560
12,4899	0,5524
12,4974	0,5488
12,5056	0,5451
12,5144	0,5414
12,5238	0,5377
12,5340	0,5339
12,5447	0,5302
12,5561	0,5265
12,5680	0,5228
12,5804	0,5191
12,5934	0,5154
12,6068	0,5117
12,6206	0,5081
12,6347	0,5045
12,6491	0,5009
12,6637	0,4974
12,6784	0,4939
12,6931	0,4905
12,7079	0,4871
12,7225	0,4837
12,7370	0,4804
12,7513	0,4771
12,7652	0,4739
12,7788	0,4707
12,7919	0,4675
12,8046	0,4644
12,8167	0,4614
12,8282	0,4584
12,8391	0,4554
12,8493	0,4524
12,8588	0,4495
12,8676	0,4467
12,8757	0,4439
12,8830	0,4411
12,8896	0,4384
12,8954	0,4357
12,9005	0,4331
12,9048	0,4305
12,9085	0,4280
12,9115	0,4255
12,9139	0,4231
12,9157	0,4207
12,9169	0,4184
12,9176	0,4161
12,9179	0,4139
12,9178	0,4118
12,9173	0,4098
12,9165	0,4078
12,9156	0,4059
12,9144	0,4041
12,9132	0,4023
12,9120	0,4007
12,9107	0,3991
12,9096	0,3976
12,9086	0,3962
12,9078	0,3949
12,9073	0,3936
12,9071	0,3925
12,9072	0,3914
12,9077	0,3905
12,9087	0,3896
12,9101	0,3888
12,9119	0,3882
12,9143	0,3876
12,9172	0,3871
12,9206	0,3867
12,9245	0,3863
12,9289	0,3861
12,9338	0,3860
12,9391	0,3859
12,9449	0,3860
12,9512	0,3861
12,9578	0,3864
12,9648	0,3867
12,9721	0,3871
12,9796	0,3876
12,9874	0,3882
12,9954	0,3889
13,0035	0,3897
13,0117	0,3905
13,0199	0,3915
13,0282	0,3925
13,0364	0,3937
13,0445	0,3949
13,0526	0,3962
13,0605	0,3977
13,0683	0,3992
13,0759	0,4008
13,0834	0,4026
13,0906	0,4044
13,0977	0,4063
13,1046	0,4084
13,1113	0,4105
13,1178	0,4128
13,1241	0,4151
13,1303	0,4176
13,1364	0,4202
13,1424	0,4228
13,1483	0,4256
13,1541	0,4285
13,1599	0,4315
13,1656	0,4346
13,1714	0,4378
13,1772	0,4410
13,1830	0,4444
13,1888	0,4478
13,1947	0,4513
13,2007	0,4549
13,2068	0,4586
13,2129	0,4623
13,2190	0,4660
13,2253	0,4698
13,2316	0,4736
13,2379	0,4775
13,2442	0,4813
13,2506	0,4852
13,2569	0,4890
13,2631	0,4929
13,2693	0,4967
13,2754	0,5005
13,2814	0,5042
13,2873	0,5079
13,2929	0,5116
13,2985	0,5151
13,3038	0,5187
13,3089	0,5221
13,3138	0,5254
13,3184	0,5287
13,3229	0,5319
13,3271	0,5350
13,3311	0,5380
13,3349	0,5409
13,3386	0,5437
13,3420	0,5464
13,3453	0,5490
13,3485	0,5516
13,3516	0,5540
13,3547	0,5563
13,3577	0,5586
13,3607	0,5607
13,3638	0,5628
13,3669	0,5649
13,3702	0,5668
13,3736	0,5687
13,3772	0,5705
13,3810	0,5722
13,3851	0,5739
13,3895	0,5756
13,3941	0,5772
13,3991	0,5788
13,4044	0,5803
13,4100	0,5818
13,4160	0,5833
13,4224	0,5847
13,4292	0,5861
13,4363	0,5875
13,4438	0,5889
13,4516	0,5902
13,4598	0,5916
13,4683	0,5929
13,4772	0,5942
13,4863	0,5954
13,4957	0,5967
13,5053	0,5979
13,5152	0,5992
13,5252	0,6003
13,5355	0,6015
13,5458	0,6027
13,5563	0,6038
13,5668	0,6048
13,5774	0,6059
13,5881	0,6069
13,5987	0,6078
13,6092	0,6088
13,6197	0,6096
13,6301	0,6104
13,6404	0,6112
13,6506	0,6119
13,6606	0,6125
13,6704	0,6131
13,6799	0,6136
13,6893	0,6140
13,6984	0,6143
13,7072	0,6146
13,7158	0,6147
13,7240	0,6148
13,7319	0,6148
13,7395	0,6147
13,7467	0,6145
13,7535	0,6142
13,7600	0,6138
13,7661	0,6133
13,7718	0,6127
13,7771	0,6120
13,7820	0,6113
13,7865	0,6104
13,7906	0,6094
13,7942	0,6084
13,7975	0,6072
13,8003	0,6060
13,8028	0,6046
13,8048	0,6032
13,8065	0,6018
13,8079	0,6002
13,8090	0,5986
13,8098	0,5969
13,8103	0,5951
13,8106	0,5933
13,8107	0,5914
13,8106	0,5895
13,8105	0,5875
13,8103	0,5855
13,8102	0,5834
13,8100	0,5813
13,8100	0,5791
13,8101	0,5768
13,8104	0,5746
13,8110	0,5722
13,8118	0,5699
13,8131	0,5674
13,8147	0,5650
13,8167	0,5624
13,8192	0,5598
13,8222	0,5572
13,8258	0,5545
13,8299	0,5517
13,8346	0,5488
13,8398	0,5459
13,8456	0,5429
13,8521	0,5399
13,8591	0,5367
13,8666	0,5336
13,8747	0,5303
13,8833	0,5269
13,8923	0,5235
13,9018	0,5201
13,9117	0,5165
13,9219	0,5130
13,9323	0,5093
13,9430	0,5057
13,9538	0,5019
13,9647	0,4982
13,9756	0,4944
13,9864	0,4906
13,9970	0,4868
14,0075	0,4830
14,0176	0,4792
14,0274	0,4755
14,0368	0,4717
14,0457	0,4680
14,0541	0,4644
14,0619	0,4608
14,0690	0,4572
14,0755	0,4537
14,0812	0,4503
14,0863	0,4470
14,0907	0,4437
14,0943	0,4406
14,0972	0,4375
14,0994	0,4346
14,1010	0,4317
14,1019	0,4290
14,1023	0,4263
14,1021	0,4238
14,1015	0,4214
14,1006	0,4191
14,0993	0,4170
14,0978	0,4149
14,0962	0,4130
14,0946	0,4112
14,0930	0,4096
14,0916	0,4080
14,0904	0,4066
14,0896	0,4052
14,0892	0,4040
14,0893	0,4029
14,0899	0,4019
14,0913	0,4010
14,0933	0,4002
14,0962	0,3994
14,0998	0,3988
14,1043	0,3982
14,1096	0,3978
14,1158	0,3973
14,1228	0,3970
14,1307	0,3967
14,1395	0,3965
14,1490	0,3963
14,1593	0,3961
14,1702	0,3960
14,1818	0,3959
14,1939	0,3959
14,2065	0,3959
14,2196	0,3959
14,2329	0,3960
14,2464	0,3961
14,2601	0,3962
14,2738	0,3964
14,2875	0,3966
14,3011	0,3968
14,3144	0,3971
14,3275	0,3974
14,3403	0,3977
14,3527	0,3981
14,3646	0,3986
14,3760	0,3991
14,3870	0,3997
14,3973	0,4004
14,4071	0,4012
14,4162	0,4020
14,4248	0,4030
14,4328	0,4040
14,4401	0,4052
14,4469	0,4064
14,4531	0,4078
14,4588	0,4093
14,4639	0,4109
14,4686	0,4127
14,4728	0,4146
14,4766	0,4166
14,4801	0,4187
14,4831	0,4210
14,4859	0,4233
14,4884	0,4258
14,4907	0,4285
14,4928	0,4312
14,4947	0,4341
14,4965	0,4370
14,4982	0,4400
14,4998	0,4432
14,5014	0,4464
14,5029	0,4496
14,5044	0,4529
14,5059	0,4563
14,5075	0,4597
14,5090	0,4631
14,5107	0,4666
14,5124	0,4700
14,5141	0,4735
14,5160	0,4769
14,5180	0,4803
14,5201	0,4837
14,5224	0,4870
14,5249	0,4903
14,5275	0,4936
14,5303	0,4968
14,5333	0,4999
14,5365	0,5030
14,5400	0,5060
14,5437	0,5090
14,5477	0,5119
14,5520	0,5147
14,5565	0,5175
14,5613	0,5202
14,5663	0,5229
14,5717	0,5255
14,5773	0,5281
14,5831	0,5306
14,5892	0,5331
14,5956	0,5355
14,6021	0,5380
14,6089	0,5404
14,6158	0,5427
14,6229	0,5451
14,6302	0,5474
14,6376	0,5497
14,6450	0,5520
14,6526	0,5543
14,6602	0,5566
14,6678	0,5589
14,6754	0,5612
14,6830	0,5635
14,6905	0,5657
14,6980	0,5680
14,7054	0,5702
14,7128	0,5724
14,7200	0,5746
14,7270	0,5768
14,7340	0,5789
14,7408	0,5810
14,7474	0,5830
14,7539	0,5850
14,7602	0,5869
14,7663	0,5888
14,7723	0,5905
14,7780	0,5922
14,7836	0,5938
14,7889	0,5953
14,7941	0,5967
14,7991	0,5980
14,8038	0,5991
14,8084	0,6002
14,8128	0,6011
14,8171	0,6019
14,8211	0,6026
14,8250	0,6031
14,8287	0,6035
14,8323	0,6038
14,8357	0,6040
14,8390	0,6040
14,8422	0,6040
14,8453	0,6038
14,8484	0,6035
14,8513	0,6032
14,8543	0,6027
14,8572	0,6022
14,8602	0,6015
14,8632	0,6009
14,8662	0,6001
14,8693	0,5994
14,8725	0,5985
14,8758	0,5977
14,8793	0,5969
14,8830	0,5960
14,8868	0,5951
14,8909	0,5943
14,8951	0,5934
14,8997	0,5926
14,9044	0,5918
14,9095	0,5910
14,9148	0,5903
14,9205	0,5896
14,9264	0,5889
14,9327	0,5883
14,9392	0,5877
14,9461	0,5871
14,9533	0,5865
14,9608	0,5860
14,9686	0,5855
14,9767	0,5849
14,9850	0,5844
14,9936	0,5838
15,0024	0,5833
15,0115	0,5827
15,0207	0,5820
15,0302	0,5813
15,0397	0,5806
15,0494	0,5797
15,0591	0,5788
15,0689	0,5778
15,0786	0,5767
15,0884	0,5755
15,0981	0,5741
15,1077	0,5727
15,1171	0,5711
15,1263	0,5693
15,1354	0,5675
15,1442	0,5655
15,1527	0,5633
15,1608	0,5611
15,1687	0,5586
15,1761	0,5561
15,1832	0,5534
15,1899	0,5506
15,1961	0,5477
15,2019	0,5447
15,2073	0,5416
15,2122	0,5383
15,2167	0,5350
15,2208	0,5317
15,2245	0,5282
15,2279	0,5247
15,2309	0,5212
15,2335	0,5176
15,2359	0,5140
15,2381	0,5104
15,2400	0,5068
15,2418	0,5032
15,2435	0,4996
15,2452	0,4961
15,2468	0,4926
15,2484	0,4891
15,2502	0,4857
15,2520	0,4823
15,2541	0,4790
15,2563	0,4758
15,2588	0,4727
15,2615	0,4696
15,2645	0,4666
15,2678	0,4637
15,2714	0,4609
15,2753	0,4581
15,2795	0,4555
15,2840	0,4529
15,2888	0,4505
15,2939	0,4481
15,2993	0,4458
15,3049	0,4435
15,3107	0,4414
15,3166	0,4393
15,3227	0,4373
15,3290	0,4353
15,3353	0,4334
15,3416	0,4316
15,3479	0,4298
15,3543	0,4281
15,3606	0,4264
15,3668	0,4248
15,3729	0,4231
15,3790	0,4216
15,3849	0,4200
15,3907	0,4184
15,3964	0,4169
15,4020	0,4154
15,4075	0,4138
15,4129	0,4123
15,4183	0,4108
15,4236	0,4093
15,4289	0,4077