-0,1683	0,5686
-0,1599	0,5724
-0,1510	0,5760
-0,1417	0,5795
-0,1319	0,5829
-0,1218	0,5861
-0,1113	0,5891
-0,1007	0,5919
-0,0899	0,5946
-0,0791	0,5971
-0,0682	0,5995
-0,0575	0,6017
-0,0469	0,6037
-0,0366	0,6056
-0,0267	0,6074
-0,0171	0,6089
-0,0080	0,6103
0,0006	0,6116
0,0086	0,6127
0,0160	0,6136
0,0228	0,6144
0,0289	0,6151
0,0343	0,6156
0,0390	0,6159
0,0431	0,6161
0,0465	0,6162
0,0493	0,6161
0,0515	0,6159
0,0532	0,6155
0,0544	0,6149
0,0552	0,6142
0,0557	0,6134
0,0560	0,6124
0,0561	0,6112
0,0561	0,6099
0,0562	0,6084
0,0564	0,6068
0,0568	0,6050
0,0575	0,6031
0,0585	0,6009
0,0600	0,5987
0,0621	0,5962
0,0647	0,5936
0,0679	0,5908
0,0719	0,5879
0,0765	0,5848
0,0819	0,5816
0,0880	0,5782
0,0948	0,5746
0,1024	0,5709
0,1107	0,5670
0,1197	0,5631
0,1294	0,5589
0,1397	0,5547
0,1505	0,5503
0,1619	0,5458
0,1737	0,5412
0,1859	0,5365
0,1984	0,5317
0,2112	0,5268
0,2243	0,5219
0,2375	0,5169
0,2508	0,5118
0,2641	0,5067
0,2775	0,5016
0,2909	0,4964
0,3042	0,4913
0,3174	0,4861
0,3305	0,4810
0,3436	0,4758
0,3565	0,4707
0,3693	0,4657
0,3819	0,4606
0,3945	0,4557
0,4069	0,4508
0,4192	0,4460
0,4315	0,4413
0,4436	0,4367
0,4556	0,4322
0,4676	0,4278
0,4794	0,4236
0,4912	0,4194
0,5029	0,4155
0,5144	0,4116
0,5258	0,4080
0,5370	0,4044
0,5481	0,4011
0,5589	0,3980
0,5694	0,3950
0,5797	0,3922
0,5896	0,3896
0,5991	0,3873
0,6082	0,3851
0,6169	0,3832
0,6250	0,3815
0,6326	0,3800
0,6396	0,3787
0,6460	0,3777
0,6518	0,3770
0,6569	0,3764
0,6615	0,3762
0,6654	0,3761
0,6687	0,3764
0,6714	0,3768
0,6736	0,3775
0,6753	0,3785
0,6765	0,3797
0,6773	0,3811
0,6777	0,3828
0,6779	0,3847
0,6779	0,3868
0,6778	0,3892
0,6776	0,3917
0,6774	0,3945
0,6773	0,3974
0,6775	0,4006
0,6779	0,4039
0,6786	0,4073
0,6798	0,4110
0,6814	0,4148
0,6836	0,4187
0,6864	0,4227
0,6898	0,4269
0,6939	0,4312
0,6987	0,4355
0,7043	0,4400
0,7106	0,4445
0,7176	0,4491
0,7254	0,4537
0,7339	0,4584
0,7431	0,4632
0,7530	0,4680
0,7635	0,4728
0,7747	0,4776
0,7863	0,4824
0,7985	0,4873
0,8111	0,4921
0,8241	0,4970
0,8373	0,5018
0,8508	0,5066
0,8644	0,5114
0,8781	0,5162
0,8919	0,5210
0,9056	0,5257
0,9192	0,5304
0,9326	0,5351
0,9458	0,5397
0,9587	0,5443
0,9713	0,5489
0,9836	0,5535
0,9955	0,5579
1,0069	0,5624
1,0180	0,5668
1,0286	0,5712
1,0387	0,5755
1,0484	0,5797
1,0577	0,5839
1,0666	0,5880
1,0750	0,5920
1,0830	0,5959
1,0907	0,5998
1,0980	0,6035
1,1050	0,6071
1,1118	0,6106
1,1182	0,6140
1,1245	0,6172
1,1305	0,6203
1,1363	0,6232
1,1420	0,6259
1,1476	0,6284
1,1531	0,6308
1,1584	0,6329
1,1637	0,6348
1,1689	0,6364
1,1739	0,6378
1,1789	0,6390
1,1838	0,6399
1,1886	0,6405
1,1933	0,6409
1,1978	0,6410
1,2022	0,6408
1,2063	0,6404
1,2103	0,6396
1,2140	0,6386
1,2174	0,6374
1,2206	0,6358
1,2234	0,6340
1,2259	0,6320
1,2280	0,6297
1,2298	0,6272
1,2312	0,6244
1,2322	0,6214
1,2328	0,6183
1,2330	0,6149
1,2329	0,6114
1,2324	0,6077
1,2316	0,6038
1,2305	0,5998
1,2291	0,5957
1,2275	0,5915
1,2258	0,5872
1,2240	0,5828
1,2221	0,5783
1,2203	0,5738
1,2185	0,5692
1,2170	0,5645
1,2157	0,5599
1,2147	0,5552
1,2142	0,5506
1,2141	0,5459
1,2146	0,5412
1,2158	0,5366
1,2176	0,5320
1,2203	0,5274
1,2237	0,5228
1,2281	0,5183
1,2333	0,5139
1,2396	0,5095
1,2468	0,5051
1,2550	0,5008
1,2642	0,4965
1,2744	0,4923
1,2856	0,4882
1,2977	0,4841
1,3108	0,4801
1,3247	0,4762
1,3395	0,4723
1,3551	0,4685
1,3713	0,4647
1,3881	0,4610
1,4055	0,4574
1,4233	0,4538
1,4415	0,4504
1,4598	0,4469
1,4784	0,4436
1,4969	0,4403
1,5153	0,4371
1,5336	0,4339
1,5515	0,4309
1,5690	0,4278
1,5861	0,4249
1,6025	0,4221
1,6183	0,4193
1,6333	0,4166
1,6475	0,4139
1,6607	0,4114
1,6731	0,4089
1,6844	0,4066
1,6948	0,4043
1,7041	0,4021
1,7125	0,4000
1,7198	0,3980
1,7262	0,3962
1,7316	0,3944
1,7361	0,3928
1,7398	0,3913
1,7428	0,3899
1,7451	0,3887
1,7468	0,3876
1,7480	0,3867
1,7489	0,3859
1,7494	0,3853
1,7498	0,3849
1,7501	0,3847
1,7504	0,3846
1,7508	0,3848
1,7515	0,3852
1,7525	0,3857
1,7538	0,3865
1,7557	0,3875
1,7580	0,3888
1,7609	0,3903
1,7644	0,3920
1,7686	0,3940
1,7734	0,3962
1,7788	0,3986
1,7849	0,4013
1,7915	0,4043
1,7988	0,4074
1,8066	0,4109
1,8148	0,4145
1,8235	0,4184
1,8325	0,4225
1,8418	0,4268
1,8512	0,4313
1,8608	0,4360
1,8705	0,4409
1,8801	0,4459
1,8896	0,4511
1,8989	0,4564
1,9081	0,4619
1,9169	0,4675
1,9255	0,4731
1,9337	0,4788
1,9416	0,4846
1,9491	0,4904
1,9562	0,4962
1,9630	0,5020
1,9694	0,5078
1,9756	0,5135
1,9814	0,5191
1,9871	0,5247
1,9926	0,5301
1,9980	0,5355
2,0033	0,5407
2,0086	0,5457
2,0140	0,5506
2,0195	0,5553
2,0252	0,5598
2,0311	0,5641
2,0372	0,5682
2,0436	0,5721
2,0504	0,5758
2,0574	0,5793
2,0649	0,5825
2,0727	0,5855
2,0808	0,5884
2,0892	0,5910
2,0980	0,5934
2,1070	0,5956
2,1162	0,5976
2,1256	0,5995
2,1351	0,6012
2,1447	0,6027
2,1543	0,6041
2,1638	0,6054
2,1731	0,6065
2,1823	0,6076
2,1911	0,6086
2,1997	0,6095
2,2078	0,6103
2,2155	0,6111
2,2227	0,6118
2,2293	0,6125
2,2353	0,6131
2,2408	0,6138
2,2456	0,6143
2,2499	0,6149
2,2535	0,6155
2,2565	0,6160
2,2589	0,6164
2,2607	0,6169
2,2620	0,6172
2,2628	0,6175
2,2632	0,6178
2,2632	0,6179
2,2628	0,6179
2,2622	0,6179
2,2613	0,6176
2,2603	0,6173
2,2592	0,6168
2,2580	0,6160
2,2568	0,6151
2,2556	0,6140
2,2546	0,6127
2,2537	0,6111
2,2530	0,6093
2,2525	0,6072
2,2522	0,6049
2,2522	0,6023
2,2526	0,5995
2,2532	0,5964
2,2542	0,5930
2,2556	0,5894
2,2573	0,5855
2,2594	0,5815
2,2620	0,5771
2,2649	0,5726
2,2683	0,5679
2,2722	0,5630
2,2766	0,5580
2,2815	0,5529
2,2869	0,5476
2,2928	0,5423
2,2994	0,5368
2,3066	0,5314
2,3144	0,5259
2,3229	0,5204
2,3321	0,5150
2,3421	0,5096
2,3528	0,5042
2,3643	0,4989
2,3766	0,4937
2,3897	0,4886
2,4037	0,4837
2,4184	0,4788
2,4339	0,4741
2,4501	0,4695
2,4671	0,4650
2,4848	0,4607
2,5031	0,4565
2,5220	0,4524
2,5414	0,4484
2,5612	0,4446
2,5814	0,4409
2,6017	0,4373
2,6222	0,4337
2,6426	0,4303
2,6630	0,4269
2,6831	0,4236
2,7028	0,4204
2,7220	0,4172
2,7406	0,4141
2,7584	0,4110
2,7753	0,4080
2,7912	0,4050
2,8061	0,4020
2,8197	0,3991
2,8320	0,3963
2,8429	0,3935
2,8524	0,3907
2,8603	0,3881
2,8668	0,3855
2,8717	0,3830
2,8751	0,3807
2,8770	0,3784
2,8773	0,3763
2,8763	0,3744
2,8739	0,3727
2,8702	0,3712
2,8654	0,3699
2,8596	0,3688
2,8529	0,3680
2,8455	0,3675
2,8375	0,3672
2,8291	0,3673
2,8205	0,3677
2,8118	0,3684
2,8033	0,3695
2,7950	0,3709
2,7872	0,3726
2,7800	0,3747
2,7737	0,3772
2,7682	0,3800
2,7638	0,3831
2,7605	0,3866
2,7585	0,3903
2,7578	0,3944
2,7584	0,3988
2,7605	0,4035
2,7639	0,4084
2,7688	0,4135
2,7751	0,4188
2,7827	0,4243
2,7915	0,4300
2,8016	0,4358
2,8127	0,4417
2,8247	0,4477
2,8376	0,4537
2,8513	0,4598
2,8654	0,4658
2,8800	0,4718
2,8949	0,4778
2,9098	0,4837
2,9247	0,4895
2,9394	0,4952
2,9537	0,5007
2,9676	0,5062
2,9809	0,5114
2,9935	0,5165
3,0053	0,5213
3,0163	0,5260
3,0262	0,5305
3,0352	0,5348
3,0432	0,5388
3,0501	0,5427
3,0560	0,5463
3,0610	0,5498
3,0649	0,5530
3,0679	0,5561
3,0701	0,5589
3,0716	0,5616
3,0723	0,5641
3,0725	0,5665
3,0723	0,5687
3,0717	0,5709
3,0708	0,5729
3,0699	0,5747
3,0690	0,5766
3,0682	0,5783
3,0677	0,5800
3,0675	0,5816
3,0677	0,5832
3,0685	0,5848
3,0699	0,5863
3,0719	0,5879
3,0746	0,5895
3,0781	0,5910
3,0824	0,5926
3,0874	0,5942
3,0931	0,5958
3,0996	0,5974
3,1068	0,5991
3,1146	0,6007
3,1230	0,6023
3,1319	0,6040
3,1413	0,6056
3,1510	0,6072
3,1610	0,6088
3,1711	0,6103
3,1813	0,6118
3,1915	0,6132
3,2015	0,6145
3,2114	0,6157
3,2211	0,6168
3,2304	0,6178
3,2394	0,6186
3,2479	0,6193
3,2560	0,6198
3,2636	0,6202
3,2708	0,6204
3,2775	0,6204
3,2837	0,6201
3,2896	0,6197
3,2951	0,6191
3,3003	0,6183
3,3052	0,6172
3,3100	0,6160
3,3147	0,6145
3,3195	0,6128
3,3243	0,6109
3,3293	0,6088
3,3346	0,6064
3,3402	0,6039
3,3463	0,6013
3,3529	0,5984
3,3601	0,5954
3,3679	0,5922
3,3763	0,5888
3,3855	0,5853
3,3954	0,5817
3,4060	0,5780
3,4173	0,5742
3,4294	0,5702
3,4420	0,5662
3,4552	0,5621
3,4690	0,5580
3,4832	0,5537
3,4977	0,5494
3,5125	0,5451
3,5275	0,5408
3,5425	0,5364
3,5574	0,5319
3,5721	0,5275
3,5864	0,5230
3,6004	0,5185
3,6138	0,5141
3,6266	0,5096
3,6386	0,5051
3,6499	0,5006
3,6602	0,4961
3,6696	0,4916
3,6780	0,4872
3,6854	0,4827
3,6917	0,4783
3,6970	0,4738
3,7013	0,4694
3,7047	0,4650
3,7070	0,4607
3,7086	0,4564
3,7093	0,4521
3,7093	0,4478
3,7087	0,4436
3,7075	0,4395
3,7060	0,4354
3,7042	0,4314
3,7023	0,4274
3,7002	0,4236
3,6983	0,4198
3,6966	0,4161
3,6952	0,4125
3,6941	0,4091
3,6937	0,4058
3,6938	0,4026
3,6946	0,3995
3,6961	0,3966
3,6985	0,3939
3,7017	0,3913
3,7058	0,3890
3,7108	0,3868
3,7167	0,3848
3,7235	0,3830
3,7312	0,3814
3,7397	0,3800
3,7490	0,3789
3,7590	0,3779
3,7697	0,3772
3,7809	0,3767
3,7927	0,3765
3,8048	0,3764
3,8173	0,3766
3,8300	0,3770
3,8428	0,3776
3,8557	0,3785
3,8685	0,3795
3,8812	0,3807
3,8936	0,3822
3,9058	0,3838
3,9175	0,3856
3,9288	0,3877
3,9396	0,3898
3,9499	0,3922
3,9595	0,3947
3,9685	0,3974
3,9769	0,4002
3,9847	0,4032
3,9918	0,4063
3,9982	0,4095
4,0040	0,4129
4,0092	0,4164
4,0139	0,4200
4,0180	0,4237
4,0216	0,4275
4,0248	0,4314
4,0276	0,4354
4,0301	0,4395
4,0324	0,4436
4,0344	0,4479
4,0363	0,4523
4,0381	0,4567
4,0400	0,4612
4,0418	0,4657
4,0438	0,4703
4,0459	0,4750
4,0483	0,4797
4,0509	0,4845
4,0537	0,4892
4,0569	0,4941
4,0605	0,4989
4,0644	0,5038
4,0687	0,5087
4,0733	0,5135
4,0784	0,5184
4,0838	0,5232
4,0896	0,5280
4,0957	0,5328
4,1022	0,5375
4,1090	0,5421
4,1160	0,5467
4,1233	0,5511
4,1308	0,5555
4,1384	0,5598
4,1462	0,5639
4,1540	0,5680
4,1619	0,5719
4,1698	0,5756
4,1777	0,5792
4,1856	0,5827
4,1934	0,5860
4,2011	0,5891
4,2087	0,5920
4,2162	0,5948
4,2235	0,5974
4,2308	0,5999
4,2379	0,6021
4,2449	0,6043
4,2518	0,6062
4,2586	0,6080
4,2654	0,6096
4,2722	0,6110
4,2790	0,6124
4,2858	0,6135
4,2927	0,6146
4,2997	0,6155
4,3069	0,6162
4,3142	0,6169
4,3218	0,6174
4,3296	0,6178
4,3376	0,6181
4,3460	0,6184
4,3546	0,6185
4,3636	0,6185
4,3728	0,6184
4,3824	0,6182
4,3922	0,6179
4,4024	0,6176
4,4127	0,6171
4,4233	0,6166
4,4341	0,6159
4,4450	0,6152
4,4560	0,6143
4,4670	0,6133
4,4780	0,6123
4,4890	0,6111
4,4998	0,6098
4,5105	0,6084
4,5209	0,6068
4,5310	0,6051
4,5408	0,6033
4,5502	0,6013
4,5591	0,5992
4,5676	0,5970
4,5756	0,5946
4,5831	0,5920
4,5900	0,5893
4,5964	0,5865
4,6023	0,5834
4,6077	0,5803
4,6125	0,5769
4,6169	0,5734
4,6208	0,5698
4,6243	0,5661
4,6274	0,5621
4,6303	0,5581
4,6329	0,5539
4,6353	0,5497
4,6376	0,5453
4,6399	0,5408
4,6421	0,5362
4,6445	0,5315
4,6470	0,5268
4,6497	0,5220
4,6527	0,5172
4,6560	0,5123
4,6598	0,5074
4,6640	0,5025
4,6686	0,4975
4,6738	0,4926
4,6795	0,4877
4,6857	0,4829
4,6925	0,4781
4,6999	0,4733
4,7079	0,4686
4,7164	0,4640
4,7254	0,4595
4,7349	0,4551
4,7449	0,4507
4,7553	0,4465
4,7661	0,4424
4,7772	0,4384
4,7886	0,4346
4,8001	0,4309
4,8118	0,4273
4,8235	0,4239
4,8352	0,4206
4,8468	0,4175
4,8583	0,4145
4,8695	0,4116
4,8804	0,4090
4,8910	0,4064
4,9011	0,4040
4,9108	0,4018
4,9199	0,3997
4,9285	0,3978
4,9365	0,3960
4,9439	0,3944
4,9506	0,3928
4,9567	0,3915
4,9621	0,3902
4,9668	0,3892
4,9709	0,3882
4,9745	0,3874
4,9774	0,3867
4,9797	0,3861
4,9816	0,3857
4,9830	0,3854
4,9840	0,3853
4,9846	0,3853
4,9849	0,3854
4,9850	0,3857
4,9850	0,3861
4,9848	0,3867
4,9846	0,3874
4,9843	0,3883
4,9842	0,3893
4,9841	0,3905
4,9843	0,3919
4,9846	0,3934
4,9853	0,3950
4,9862	0,3969
4,9875	0,3989
4,9892	0,4011
4,9912	0,4034
4,9937	0,4060
4,9966	0,4086
5,0000	0,4115
5,0039	0,4144
5,0081	0,4176
5,0129	0,4209
5,0181	0,4243
5,0238	0,4278
5,0299	0,4314
5,0364	0,4352
5,0432	0,4391
5,0505	0,4430
5,0581	0,4470
5,0661	0,4511
5,0743	0,4553
5,0827	0,4595
5,0914	0,4637
5,1003	0,4680
5,1093	0,4723
5,1185	0,4766
5,1277	0,4809
5,1370	0,4851
5,1463	0,4894
5,1556	0,4936
5,1648	0,4978
5,1739	0,5020
5,1830	0,5062
5,1919	0,5102
5,2007	0,5143
5,2094	0,5183
5,2179	0,5222
5,2262	0,5261
5,2344	0,5300
5,2424	0,5337
5,2503	0,5375
5,2580	0,5411
5,2656	0,5448
5,2730	0,5483
5,2804	0,5518
5,2877	0,5553
5,2949	0,5587
5,3021	0,5621
5,3093	0,5654
5,3165	0,5686
5,3237	0,5718
5,3310	0,5749
5,3383	0,5780
5,3457	0,5810
5,3532	0,5840
5,3607	0,5869
5,3684	0,5897
5,3762	0,5925
5,3841	0,5952
5,3920	0,5978
5,4001	0,6003
5,4082	0,6027
5,4164	0,6051
5,4246	0,6073
5,4329	0,6095
5,4411	0,6115
5,4494	0,6134
5,4576	0,6152
5,4657	0,6169
5,4738	0,6184
5,4817	0,6198
5,4895	0,6210
5,4972	0,6222
5,5046	0,6231
5,5119	0,6239
5,5190	0,6246
5,5258	0,6251
5,5324	0,6255
5,5387	0,6257
5,5448	0,6257
5,5506	0,6256
5,5561	0,6253
5,5614	0,6248
5,5664	0,6242
5,5712	0,6234
5,5757	0,6225
5,5801	0,6214
5,5842	0,6202
5,5881	0,6188
5,5919	0,6172
5,5956	0,6155
5,5991	0,6137
5,6026	0,6116
5,6061	0,6095
5,6095	0,6072
5,6130	0,6047
5,6165	0,6021
5,6201	0,5994
5,6239	0,5965
5,6277	0,5935
5,6318	0,5904
5,6361	0,5871
5,6405	0,5837
5,6453	0,5802
5,6502	0,5765
5,6555	0,5728
5,6610	0,5689
5,6668	0,5649
5,6729	0,5609
5,6792	0,5567
5,6857	0,5525
5,6925	0,5481
5,6995	0,5437
5,7067	0,5393
5,7140	0,5348
5,7214	0,5302
5,7289	0,5256
5,7364	0,5209
5,7439	0,5162
5,7513	0,5116
5,7585	0,5068
5,7656	0,5021
5,7725	0,4974
5,7792	0,4927
5,7856	0,4880
5,7916	0,4833
5,7973	0,4787
5,8026	0,4741
5,8075	0,4695
5,8120	0,4650
5,8161	0,4605
5,8198	0,4561
5,8231	0,4517
5,8260	0,4475
5,8286	0,4432
5,8309	0,4391
5,8330	0,4350
5,8349	0,4310
5,8366	0,4271
5,8382	0,4233
5,8398	0,4196
5,8414	0,4160
5,8431	0,4124
5,8451	0,4090
5,8472	0,4058
5,8497	0,4026
5,8525	0,3995
5,8557	0,3966
5,8595	0,3938
5,8637	0,3912
5,8685	0,3887
5,8738	0,3863
5,8798	0,3841
5,8864	0,3820
5,8936	0,3801
5,9014	0,3783
5,9099	0,3767
5,9189	0,3753
5,9285	0,3741
5,9386	0,3730
5,9493	0,3720
5,9603	0,3713
5,9718	0,3707
5,9836	0,3702
5,9957	0,3700
6,0080	0,3699
6,0205	0,3700
6,0330	0,3702
6,0456	0,3706
6,0582	0,3712
6,0706	0,3719
6,0828	0,3728
6,0949	0,3739
6,1066	0,3751
6,1181	0,3764
6,1291	0,3780
6,1397	0,3796
6,1499	0,3815
6,1595	0,3835
6,1687	0,3856
6,1773	0,3879
6,1853	0,3903
6,1928	0,3928
6,1997	0,3956
6,2061	0,3984
6,2120	0,4014
6,2173	0,4045
6,2221	0,4077
6,2264	0,4111
6,2303	0,4146
6,2337	0,4182
6,2368	0,4219
6,2396	0,4257
6,2421	0,4297
6,2443	0,4337
6,2464	0,4378
6,2483	0,4420
6,2501	0,4462
6,2519	0,4506
6,2537	0,4549
6,2556	0,4594
6,2575	0,4638
6,2597	0,4683
6,2620	0,4728
6,2646	0,4774
6,2675	0,4819
6,2707	0,4865
6,2742	0,4910
6,2782	0,4955
6,2825	0,5000
6,2873	0,5045
6,2925	0,5089
6,2982	0,5133
6,3043	0,5176
6,3109	0,5219
6,3179	0,5261
6,3254	0,5302
6,3333	0,5343
6,3415	0,5383
6,3501	0,5423
6,3590	0,5462
6,3682	0,5499
6,3775	0,5537
6,3871	0,5573
6,3967	0,5609
6,4064	0,5643
6,4161	0,5677
6,4256	0,5710
6,4350	0,5743
6,4442	0,5774
6,4531	0,5805
6,4616	0,5835
6,4696	0,5864
6,4772	0,5892
6,4843	0,5920
6,4907	0,5947
6,4966	0,5973
6,5017	0,5998
6,5062	0,6022
6,5100	0,6045
6,5130	0,6068
6,5154	0,6090
6,5171	0,6111
6,5181	0,6131
6,5185	0,6150
6,5183	0,6169
6,5176	0,6186
6,5164	0,6202
6,5149	0,6218
6,5132	0,6232
6,5112	0,6245
6,5091	0,6256
6,5071	0,6267
6,5052	0,6276
6,5036	0,6284
6,5023	0,6290
6,5015	0,6294
6,5013	0,6297
6,5018	0,6299
6,5031	0,6298
6,5053	0,6296
6,5085	0,6291
6,5128	0,6285
6,5183	0,6277
6,5250	0,6266
6,5330	0,6254
6,5422	0,6239
6,5528	0,6222
6,5648	0,6204
6,5780	0,6182
6,5926	0,6159
6,6084	0,6134
6,6255	0,6107
6,6436	0,6077
6,6628	0,6046
6,6829	0,6013
6,7039	0,5978
6,7255	0,5942
6,7477	0,5903
6,7703	0,5864
6,7932	0,5823
6,8162	0,5780
6,8391	0,5737
6,8617	0,5692
6,8840	0,5647
6,9058	0,5601
6,9268	0,5554
6,9470	0,5507
6,9663	0,5459
6,9845	0,5411
7,0014	0,5363
7,0171	0,5315
7,0314	0,5267
7,0443	0,5219
7,0557	0,5172
7,0656	0,5125
7,0740	0,5078
7,0809	0,5032
7,0863	0,4987
7,0902	0,4942
7,0928	0,4899
7,0940	0,4855
7,0939	0,4813
7,0928	0,4772
7,0905	0,4731
7,0874	0,4691
7,0834	0,4653
7,0787	0,4615
7,0735	0,4578
7,0678	0,4541
7,0619	0,4506
7,0557	0,4471
7,0495	0,4438
7,0433	0,4405
7,0373	0,4372
7,0316	0,4341
7,0262	0,4310
7,0213	0,4280
7,0169	0,4250
7,0131	0,4221
7,0099	0,4193
7,0075	0,4165
7,0057	0,4138
7,0047	0,4112
7,0044	0,4086
7,0050	0,4061
7,0062	0,4036
7,0083	0,4013
7,0111	0,3989
7,0146	0,3967
7,0188	0,3946
7,0238	0,3925
7,0293	0,3905
7,0355	0,3886
7,0423	0,3869
7,0497	0,3852
7,0576	0,3837
7,0660	0,3823
7,0748	0,3810
7,0841	0,3799
7,0937	0,3789
7,1037	0,3781
7,1140	0,3774
7,1246	0,3769
7,1355	0,3766
7,1465	0,3765
7,1577	0,3765
7,1691	0,3768
7,1805	0,3772
7,1919	0,3779
7,2033	0,3787
7,2146	0,3798
7,2257	0,3810
7,2367	0,3825
7,2474	0,3841
7,2579	0,3859
7,2679	0,3879
7,2775	0,3901
7,2866	0,3925
7,2952	0,3951
7,3032	0,3978
7,3105	0,4006
7,3172	0,4037
7,3231	0,4068
7,3282	0,4101
7,3326	0,4135
7,3361	0,4169
7,3388	0,4205
7,3408	0,4242
7,3419	0,4279
7,3423	0,4317
7,3419	0,4356
7,3408	0,4395
7,3392	0,4434
7,3370	0,4474
7,3343	0,4514
7,3312	0,4554
7,3278	0,4594
7,3243	0,4634
7,3207	0,4675
7,3171	0,4715
7,3137	0,4755
7,3107	0,4796
7,3080	0,4836
7,3058	0,4876
7,3043	0,4917
7,3035	0,4957
7,3036	0,4998
7,3047	0,5038
7,3067	0,5079
7,3099	0,5120
7,3142	0,5161
7,3197	0,5202
7,3265	0,5243
7,3345	0,5284
7,3437	0,5326
7,3542	0,5367
7,3658	0,5409
7,3786	0,5450
7,3924	0,5492
7,4072	0,5533
7,4229	0,5574
7,4393	0,5615
7,4564	0,5656
7,4740	0,5696
7,4920	0,5736
7,5101	0,5774
7,5284	0,5812
7,5465	0,5850
7,5645	0,5886
7,5820	0,5921
7,5990	0,5955
7,6153	0,5987
7,6307	0,6018
7,6453	0,6048
7,6588	0,6075
7,6711	0,6102
7,6823	0,6126
7,6921	0,6149
7,7006	0,6169
7,7077	0,6188
7,7135	0,6205
7,7179	0,6220
7,7210	0,6234
7,7227	0,6245
7,7233	0,6255
7,7227	0,6262
7,7211	0,6268
7,7186	0,6273
7,7152	0,6276
7,7112	0,6277
7,7066	0,6277
7,7017	0,6275
7,6965	0,6272
7,6912	0,6268
7,6861	0,6263
7,6811	0,6257
7,6766	0,6250
7,6725	0,6243
7,6692	0,6234
7,6666	0,6225
7,6648	0,6215
7,6641	0,6204
7,6644	0,6193
7,6659	0,6181
7,6685	0,6168
7,6724	0,6156
7,6774	0,6142
7,6837	0,6128
7,6912	0,6114
7,6999	0,6098
7,7097	0,6083
7,7206	0,6066
7,7325	0,6049
7,7453	0,6031
7,7588	0,6012
7,7731	0,5992
7,7879	0,5971
7,8032	0,5949
7,8189	0,5926
7,8347	0,5902
7,8506	0,5877
7,8665	0,5850
7,8822	0,5822
7,8976	0,5793
7,9126	0,5763
7,9270	0,5731
7,9409	0,5697
7,9540	0,5663
7,9663	0,5627
7,9778	0,5589
7,9884	0,5551
7,9980	0,5511
8,0066	0,5470
8,0142	0,5428
8,0208	0,5384
8,0263	0,5340
8,0309	0,5295
8,0344	0,5250
8,0371	0,5204
8,0388	0,5157
8,0398	0,5110
8,0399	0,5063
8,0394	0,5016
8,0383	0,4969
8,0367	0,4922
8,0347	0,4875
8,0324	0,4829
8,0299	0,4783
8,0272	0,4739
8,0245	0,4695
8,0220	0,4651
8,0196	0,4609
8,0175	0,4569
8,0158	0,4529
8,0145	0,4491
8,0138	0,4453
8,0137	0,4418
8,0143	0,4384
8,0156	0,4351
8,0178	0,4320
8,0207	0,4290
8,0246	0,4262
8,0294	0,4235
8,0350	0,4210
8,0416	0,4186
8,0492	0,4163
8,0576	0,4142
8,0670	0,4122
8,0771	0,4103
8,0881	0,4085
8,0999	0,4068
8,1123	0,4053
8,1254	0,4038
8,1391	0,4023
8,1532	0,4010
8,1677	0,3997
8,1825	0,3985
8,1974	0,3973
8,2125	0,3962
8,2275	0,3951
8,2424	0,3940
8,2570	0,3930
8,2713	0,3920
8,2851	0,3911
8,2984	0,3902
8,3110	0,3894
8,3229	0,3885
8,3339	0,3878
8,3441	0,3871
8,3532	0,3865
8,3614	0,3859
8,3685	0,3854
8,3745	0,3851
8,3794	0,3848
8,3832	0,3847
8,3859	0,3847
8,3875	0,3848
8,3881	0,3851
8,3878	0,3855
8,3866	0,3861
8,3845	0,3869
8,3818	0,3879
8,3784	0,3891
8,3746	0,3905
8,3704	0,3921
8,3659	0,3939
8,3614	0,3959
8,3569	0,3982
8,3526	0,4006
8,3486	0,4032
8,3451	0,4061
8,3421	0,4091
8,3399	0,4122
8,3385	0,4156
8,3380	0,4191
8,3385	0,4227
8,3401	0,4265
8,3428	0,4303
8,3467	0,4343
8,3518	0,4383
8,3581	0,4424
8,3657	0,4465
8,3743	0,4506
8,3841	0,4547
8,3950	0,4588
8,4068	0,4628
8,4195	0,4668
8,4330	0,4707
8,4472	0,4746
8,4619	0,4784
8,4770	0,4820
8,4924	0,4856
8,5079	0,4890
8,5234	0,4923
8,5387	0,4955
8,5537	0,4986
8,5683	0,5015
8,5823	0,5043
8,5957	0,5070
8,6083	0,5096
8,6200	0,5121
8,6308	0,5145
8,6407	0,5168
8,6494	0,5191
8,6572	0,5213
8,6638	0,5234
8,6694	0,5255
8,6740	0,5276
8,6776	0,5297
8,6802	0,5318
8,6820	0,5340
8,6830	0,5361
8,6834	0,5383
8,6832	0,5406
8,6825	0,5430
8,6815	0,5454
8,6803	0,5479
8,6790	0,5505
8,6777	0,5532
8,6766	0,5560
8,6757	0,5588
8,6753	0,5618
8,6753	0,5648
8,6760	0,5679
8,6772	0,5711
8,6793	0,5743
8,6821	0,5776
8,6858	0,5809
8,6903	0,5841
8,6957	0,5874
8,7020	0,5907
8,7092	0,5939
8,7172	0,5970
8,7261	0,6001
8,7356	0,6031
8,7459	0,6059
8,7568	0,6086
8,7682	0,6111
8,7800	0,6135
8,7922	0,6156
8,8047	0,6176
8,8173	0,6193
8,8299	0,6208
8,8425	0,6221
8,8549	0,6231
8,8670	0,6238
8,8788	0,6243
8,8902	0,6245
8,9010	0,6245
8,9112	0,6242
8,9208	0,6237
8,9297	0,6229
8,9378	0,6219
8,9452	0,6207
8,9517	0,6193
8,9575	0,6177
8,9625	0,6158
8,9666	0,6139
8,9700	0,6117
8,9727	0,6095
8,9747	0,6071
8,9761	0,6046
8,9769	0,6020
8,9772	0,5993
8,9771	0,5966
8,9766	0,5939
8,9758	0,5911
8,9748	0,5883
8,9737	0,5854
8,9726	0,5826
8,9715	0,5798
8,9706	0,5770
8,9698	0,5742
8,9693	0,5714
8,9692	0,5687
8,9694	0,5659
8,9701	0,5632
8,9712	0,5605
8,9729	0,5578
8,9751	0,5551
8,9780	0,5524
8,9814	0,5496
8,9854	0,5469
8,9900	0,5441
8,9952	0,5414
9,0011	0,5385
9,0075	0,5357
9,0145	0,5328
9,0220	0,5298
9,0300	0,5268
9,0385	0,5237
9,0475	0,5205
9,0569	0,5173
9,0667	0,5140
9,0768	0,5106
9,0873	0,5072
9,0980	0,5037
9,1090	0,5001
9,1202	0,4964
9,1316	0,4927
9,1431	0,4889
9,1546	0,4851
9,1663	0,4812
9,1780	0,4773
9,1896	0,4733
9,2013	0,4693
9,2128	0,4653
9,2243	0,4613
9,2355	0,4573
9,2467	0,4533
9,2576	0,4494
9,2682	0,4454
9,2786	0,4415
9,2887	0,4377
9,2985	0,4339
9,3079	0,4302
9,3170	0,4266
9,3256	0,4230
9,3339	0,4196
9,3416	0,4163
9,3490	0,4131
9,3559	0,4100
9,3623	0,4070
9,3683	0,4042
9,3739	0,4015
9,3790	0,3989
9,3837	0,3965
9,3880	0,3943
9,3920	0,3922
9,3956	0,3902
9,3989	0,3885
9,4020	0,3869
9,4049	0,3854
9,4076	0,3841
9,4101	0,3830
9,4127	0,3820
9,4152	0,3812
9,4177	0,3805
9,4204	0,3800
9,4232	0,3796
9,4262	0,3793
9,4294	0,3792
9,4330	0,3793
9,4368	0,3794
9,4411	0,3797
9,4457	0,3801
9,4507	0,3807
9,4562	0,3813
9,4622	0,3820
9,4686	0,3829
9,4754	0,3838
9,4827	0,3848
9,4904	0,3860
9,4985	0,3872
9,5070	0,3885
9,5158	0,3899
9,5248	0,3913
9,5342	0,3929
9,5436	0,3945
9,5533	0,3962
9,5629	0,3980
9,5726	0,3998
9,5822	0,4018
9,5916	0,4038
9,6009	0,4060
9,6099	0,4082
9,6186	0,4105
9,6270	0,4129
9,6349	0,4154
9,6424	0,4180
9,6493	0,4206
9,6558	0,4234
9,6618	0,4263
9,6671	0,4293
9,6720	0,4324
9,6763	0,4356
9,6800	0,4389
9,6833	0,4423
9,6860	0,4458
9,6883	0,4494
9,6902	0,4531
9,6918	0,4569
9,6930	0,4607
9,6939	0,4647
9,6946	0,4687
9,6952	0,4727
9,6957	0,4769
9,6961	0,4810
9,6966	0,4853
9,6972	0,4895
9,6979	0,4938
9,6988	0,4981
9,6999	0,5024
9,7013	0,5067
9,7030	0,5110
9,7050	0,5152
9,7075	0,5194
9,7103	0,5236
9,7134	0,5277
9,7170	0,5318
9,7210	0,5358
9,7254	0,5397
9,7301	0,5435
9,7352	0,5472
9,7407	0,5508
9,7464	0,5544
9,7524	0,5578
9,7587	0,5610
9,7651	0,5642
9,7717	0,5672
9,7784	0,5701
9,7852	0,5729
9,7920	0,5755
9,7989	0,5781
9,8057	0,5804
9,8125	0,5827
9,8193	0,5849
9,8259	0,5869
9,8325	0,5888
9,8389	0,5906
9,8453	0,5923
9,8515	0,5939
9,8577	0,5953
9,8638	0,5967
9,8699	0,5980
9,8760	0,5993
9,8820	0,6004
9,8882	0,6015
9,8944	0,6025
9,9008	0,6035
9,9074	0,6044
9,9141	0,6052
9,9211	0,6060
9,9285	0,6068
9,9361	0,6075
9,9440	0,6082
9,9524	0,6088
9,9611	0,6094
9,9701	0,6100
9,9796	0,6106
9,9894	0,6111
9,9995	0,6116
10,0100	0,6120
10,0207	0,6124
10,0317	0,6128
10,0428	0,6132
10,0541	0,6134
10,0654	0,6137
10,0766	0,6139
10,0877	0,6140
10,0986	0,6140
10,1092	0,6140
10,1195	0,6139
10,1292	0,6137
10,1384	0,6135
10,1470	0,6131
10,1548	0,6126
10,1618	0,6120
10,1680	0,6113
10,1734	0,6104
10,1777	0,6094
10,1811	0,6083
10,1835	0,6070
10,1850	0,6055
10,1854	0,6039
10,1850	0,6022
10,1836	0,6003
10,1814	0,5982
10,1784	0,5959
10,1748	0,5935
10,1705	0,5909
10,1658	0,5882
10,1606	0,5853
10,1553	0,5822
10,1497	0,5790
10,1442	0,5757
10,1389	0,5722
10,1338	0,5686
10,1291	0,5649
10,1249	0,5611
10,1213	0,5572
10,1186	0,5532
10,1166	0,5492
10,1156	0,5451
10,1157	0,5410
10,1168	0,5368
10,1190	0,5327
10,1224	0,5285
10,1270	0,5244
10,1328	0,5202
10,1398	0,5161
10,1479	0,5121
10,1571	0,5081
10,1673	0,5042
10,1785	0,5003
10,1907	0,4966
10,2035	0,4929
10,2171	0,4893
10,2313	0,4858
10,2460	0,4824
10,2610	0,4791
10,2762	0,4759
10,2915	0,4728
10,3069	0,4698
10,3221	0,4669
10,3371	0,4641
10,3518	0,4614
10,3660	0,4588
10,3798	0,4563
10,3929	0,4539
10,4054	0,4516
10,4172	0,4493
10,4282	0,4472
10,4384	0,4451
10,4478	0,4431
10,4564	0,4411
10,4642	0,4392
10,4712	0,4374
10,4775	0,4356
10,4830	0,4339
10,4878	0,4323
10,4921	0,4307
10,4957	0,4291
10,4989	0,4276
10,5017	0,4261
10,5042	0,4247
10,5064	0,4234
10,5085	0,4221
10,5105	0,4208
10,5125	0,4196
10,5146	0,4184
10,5170	0,4174
10,5195	0,4163
10,5224	0,4154
10,5256	0,4145
10,5293	0,4137
10,5335	0,4129
10,5381	0,4122
10,5432	0,4117
10,5489	0,4112
10,5551	0,4108
10,5618	0,4104
10,5690	0,4102
10,5767	0,4101
10,5848	0,4101
10,5933	0,4102
10,6022	0,4104
10,6113	0,4108
10,6206	0,4112
10,6302	0,4118
10,6397	0,4125
10,6494	0,4133
10,6589	0,4142
10,6684	0,4153
10,6776	0,4165
10,6867	0,4178
10,6954	0,4193
10,7037	0,4209
10,7117	0,4226
10,7191	0,4245
10,7261	0,4265
10,7326	0,4287
10,7386	0,4310
10,7440	0,4334
10,7489	0,4360
10,7532	0,4387
10,7570	0,4415
10,7602	0,4444
10,7630	0,4475
10,7654	0,4506
10,7674	0,4539
10,7690	0,4573
10,7703	0,4608
10,7713	0,4644
10,7722	0,4680
10,7729	0,4717
10,7736	0,4755
10,7744	0,4793
10,7751	0,4831
10,7761	0,4870
10,7772	0,4909
10,7786	0,4948
10,7804	0,4987
10,7825	0,5026
10,7851	0,5065
10,7881	0,5103
10,7917	0,5140
10,7957	0,5177
10,8004	0,5214
10,8057	0,5249
10,8115	0,5284
10,8179	0,5318
10,8249	0,5351
10,8325	0,5382
10,8406	0,5413
10,8493	0,5443
10,8583	0,5471
10,8678	0,5499
10,8777	0,5526
10,8878	0,5551
10,8982	0,5576
10,9087	0,5599
10,9193	0,5622
10,9298	0,5644
10,9403	0,5665
10,9506	0,5686
10,9606	0,5706
10,9703	0,5725
10,9796	0,5744
10,9884	0,5763
10,9967	0,5782
11,0044	0,5800
11,0114	0,5818
11,0177	0,5837
11,0233	0,5855
11,0282	0,5874
11,0324	0,5892
11,0357	0,5911
11,0384	0,5930
11,0403	0,5950
11,0416	0,5970
11,0423	0,5990
11,0424	0,6010
11,0420	0,6030
11,0411	0,6051
11,0400	0,6072
11,0385	0,6092
11,0369	0,6113
11,0353	0,6134
11,0337	0,6155
11,0322	0,6176
11,0309	0,6196
11,0300	0,6216
11,0294	0,6236
11,0294	0,6255
11,0300	0,6273
11,0312	0,6291
11,0331	0,6308
11,0358	0,6324
11,0393	0,6339
11,0437	0,6353
11,0489	0,6366
11,0550	0,6378
11,0620	0,6388
11,0698	0,6397
11,0785	0,6404
11,0879	0,6410
11,0982	0,6414
11,1091	0,6417
11,1207	0,6417
11,1328	0,6417
11,1454	0,6414
11,1585	0,6410
11,1718	0,6403
11,1854	0,6395
11,1991	0,6385
11,2128	0,6374
11,2265	0,6360
11,2401	0,6345
11,2534	0,6328
11,2664	0,6310
11,2790	0,6289
11,2912	0,6267
11,3028	0,6244
11,3139	0,6219
11,3243	0,6193
11,3340	0,6165
11,3430	0,6137
11,3513	0,6107
11,3588	0,6076
11,3656	0,6044
11,3717	0,6011
11,3770	0,5978
11,3817	0,5944
11,3857	0,5909
11,3891	0,5874
11,3919	0,5839
11,3943	0,5804
11,3962	0,5768
11,3978	0,5733
11,3991	0,5697
11,4002	0,5662
11,4012	0,5627
11,4022	0,5593
11,4032	0,5558
11,4043	0,5525
11,4056	0,5491
11,4072	0,5459
11,4091	0,5426
11,4114	0,5395
11,4141	0,5364
11,4173	0,5333
11,4211	0,5303
11,4253	0,5273
11,4302	0,5244
11,4356	0,5215
11,4416	0,5187
11,4481	0,5158
11,4552	0,5130
11,4628	0,5102
11,4709	0,5075
11,4795	0,5047
11,4885	0,5019
11,4978	0,4991
11,5075	0,4963
11,5174	0,4934
11,5276	0,4906
11,5379	0,4877
11,5482	0,4848
11,5586	0,4818
11,5689	0,4788
11,5791	0,4758
11,5892	0,4728
11,5990	0,4697
11,6086	0,4666
11,6179	0,4634
11,6268	0,4603
11,6353	0,4571
11,6434	0,4540
11,6511	0,4508
11,6583	0,4477
11,6650	0,4446
11,6713	0,4416
11,6770	0,4386
11,6823	0,4356
11,6871	0,4328
11,6915	0,4300
11,6954	0,4273
11,6990	0,4248
11,7022	0,4224
11,7050	0,4201
11,7076	0,4179
11,7100	0,4159
11,7122	0,4140
11,7142	0,4123
11,7161	0,4108
11,7180	0,4094
11,7199	0,4082
11,7219	0,4072
11,7239	0,4063
11,7260	0,4056
11,7283	0,4050
11,7308	0,4046
11,7336	0,4044
11,7365	0,4043
11,7398	0,4043
11,7433	0,4044
11,7472	0,4047
11,7513	0,4051
11,7557	0,4056
11,7605	0,4061
11,7655	0,4068
11,7709	0,4076
11,7764	0,4084
11,7823	0,4093
11,7884	0,4102
11,7947	0,4112
11,8011	0,4123
11,8078	0,4134
11,8146	0,4145
11,8214	0,4157
11,8284	0,4169
11,8355	0,4182
11,8426	0,4196
11,8497	0,4209
11,8568	0,4224
11,8639	0,4239
11,8710	0,4254
11,8780	0,4270
11,8849	0,4287
11,8917	0,4305
11,8985	0,4323
11,9051	0,4343
11,9117	0,4363
11,9181	0,4384
11,9244	0,4406
11,9306	0,4429
11,9367	0,4453
11,9427	0,4478
11,9485	0,4505
11,9543	0,4532
11,9599	0,4560
11,9654	0,4589
11,9709	0,4619
11,9762	0,4650
11,9815	0,4682
11,9867	0,4715
11,9918	0,4749
11,9969	0,4783
12,0019	0,4818
12,0068	0,4853
12,0117	0,4889
12,0165	0,4925
12,0213	0,4962
12,0260	0,4998
12,0306	0,5035
12,0352	0,5072
12,0397	0,5109
12,0441	0,5145
12,0483	0,5181
12,0525	0,5217
12,0565	0,5253
12,0604	0,5288
12,0642	0,5323
12,0678	0,5357
12,0712	0,5391
12,0744	0,5424
12,0774	0,5457
12,0803	0,5489
12,0829	0,5520
12,0854	0,5551
12,0877	0,5582
12,0898	0,5611
12,0918	0,5641
12,0936	0,5670
12,0953	0,5698
12,0969	0,5726
12,0985	0,5753
12,1000	0,5780
12,1016	0,5807
12,1032	0,5833
12,1049	0,5859
12,1068	0,5885
12,1090	0,5910
12,1113	0,5934
12,1140	0,5959
12,1171	0,5983
12,1206	0,6007
12,1246	0,6030
12,1290	0,6053
12,1341	0,6075
12,1397	0,6097
12,1460	0,6119
12,1529	0,6139
12,1605	0,6160
12,1688	0,6179
12,1777	0,6198
12,1874	0,6216
12,1978	0,6234
12,2088	0,6250
12,2204	0,6266
12,2326	0,6281
12,2454	0,6295
12,2586	0,6308
12,2723	0,6320
12,2863	0,6331
12,3006	0,6341
12,3151	0,6350
12,3297	0,6357
12,3443	0,6364
12,3588	0,6370
12,3732	0,6374
12,3874	0,6378
12,4012	0,6380
12,4146	0,6381
12,4274	0,6381
12,4397	0,6380
12,4513	0,6377
12,4622	0,6374
12,4723	0,6369
12,4815	0,6363
12,4899	0,6357
12,4974	0,6349
12,5039	0,6340
12,5096	0,6330
12,5143	0,6319
12,5181	0,6306
12,5211	0,6293
12,5232	0,6279
12,5245	0,6264
12,5251	0,6248
12,5250	0,6231
12,5244	0,6213
12,5232	0,6194
12,5216	0,6175
12,5197	0,6154
12,5175	0,6133
12,5152	0,6111
12,5129	0,6089
12,5106	0,6066
12,5084	0,6042
12,5065	0,6018
12,5048	0,5993
12,5036	0,5967
12,5029	0,5941
12,5026	0,5915
12,5030	0,5888
12,5040	0,5861
12,5057	0,5834
12,5080	0,5806
12,5111	0,5778
12,5149	0,5749
12,5194	0,5720
12,5246	0,5691
12,5304	0,5662
12,5369	0,5632
12,5440	0,5602
12,5515	0,5572
12,5596	0,5542
12,5680	0,5511
12,5768	0,5480
12,5858	0,5448
12,5949	0,5417
12,6042	0,5385
12,6134	0,5353
12,6226	0,5320
12,6315	0,5288
12,6403	0,5255
12,6488	0,5222
12,6569	0,5189
12,6645	0,5155
12,6717	0,5121
12,6784	0,5088
12,6846	0,5054
12,6902	0,5020
12,6953	0,4986
12,6998	0,4952
12,7038	0,4918
12,7073	0,4884
12,7103	0,4850
12,7128	0,4817
12,7150	0,4784
12,7168	0,4751
12,7183	0,4718
12,7197	0,4686
12,7209	0,4654
12,7220	0,4622
12,7232	0,4591
12,7244	0,4561
12,7259	0,4531
12,7276	0,4501
12,7296	0,4472
12,7319	0,4444
12,7348	0,4417
12,7381	0,4390
12,7420	0,4364
12,7465	0,4338
12,7516	0,4314
12,7573	0,4290
12,7637	0,4267
12,7707	0,4244
12,7784	0,4223
12,7868	0,4202
12,7957	0,4182
12,8053	0,4163
12,8154	0,4145
12,8260	0,4128
12,8371	0,4111
12,8485	0,4096
12,8603	0,4081
12,8724	0,4067
12,8846	0,4054
12,8970	0,4043
12,9094	0,4032
12,9219	0,4022
12,9342	0,4013
12,9464	0,4005
12,9583	0,3999
12,9700	0,3993
12,9814	0,3988
12,9924	0,3985
13,0029	0,3982
13,0129	0,3981
13,0225	0,3980
13,0315	0,3981
13,0400	0,3983
13,0479	0,3986
13,0553	0,3989
13,0620	0,3994
13,0683	0,4001
13,0740	0,4008
13,0792	0,4016
13,0838	0,4025
13,0881	0,4035
13,0919	0,4046
13,0954	0,4059
13,0985	0,4072
13,1013	0,4086
13,1039	0,4101
13,1063	0,4117
13,1085	0,4134
13,1107	0,4152
13,1128	0,4171
13,1148	0,4190
13,1169	0,4211
13,1191	0,4232
13,1213	0,4254
13,1237	0,4277
13,1262	0,4301
13,1289	0,4325
13,1317	0,4351
13,1346	0,4376
13,1378	0,4403
13,1411	0,4430
13,1445	0,4458
13,1482	0,4486
13,1519	0,4515
13,1557	0,4544
13,1597	0,4574
13,1637	0,4604
13,1678	0,4634
13,1719	0,4665
13,1760	0,4697
13,1802	0,4728
13,1844	0,4760
13,1885	0,4792
13,1926	0,4824
13,1967	0,4857
13,2008	0,4889
13,2048	0,4922
13,2089	0,4954
13,2129	0,4987
13,2170	0,5020
13,2211	0,5052
13,2252	0,5085
13,2294	0,5117
13,2337	0,5149
13,2381	0,5181
13,2426	0,5213
13,2474	0,5244
13,2523	0,5276
13,2574	0,5306
13,2627	0,5337
13,2683	0,5367
13,2742	0,5397
13,2803	0,5426
13,2868	0,5455
13,2935	0,5484
13,3006	0,5512
13,3080	0,5539
13,3156	0,5566
13,3236	0,5593
13,3318	0,5619
13,3403	0,5644
13,3491	0,5669
13,3581	0,5693
13,3672	0,5717
13,3766	0,5740
13,3860	0,5763
13,3956	0,5785
13,4052	0,5806
13,4148	0,5828
13,4244	0,5848
13,4339	0,5868
13,4434	0,5888
13,4526	0,5907
13,4617	0,5926
13,4704	0,5944
13,4789	0,5962
13,4871	0,5979
13,4949	0,5996
13,5022	0,6012
13,5091	0,6028
13,5155	0,6044
13,5214	0,6059
13,5268	0,6073
13,5316	0,6087
13,5359	0,6101
13,5396	0,6113
13,5427	0,6125
13,5453	0,6137
13,5474	0,6147
13,5490	0,6157
13,5502	0,6166
13,5509	0,6175
13,5513	0,6182
13,5514	0,6188
13,5513	0,6194
13,5511	0,6198
13,5508	0,6201
13,5505	0,6204
13,5504	0,6205
13,5504	0,6205
13,5507	0,6204
13,5514	0,6202
13,5525	0,6199
13,5542	0,6195
13,5564	0,6190
13,5594	0,6183
13,5631	0,6176
13,5675	0,6168
13,5729	0,6159
13,5790	0,6148
13,5861	0,6137
13,5941	0,6126
13,6029	0,6113
13,6126	0,6100
13,6232	0,6086
13,6346	0,6071
13,6467	0,6056
13,6595	0,6040
13,6729	0,6024
13,6868	0,6007
13,7010	0,5990
13,7156	0,5973
13,7304	0,5955
13,7452	0,5937
13,7599	0,5919
13,7744	0,5900
13,7886	0,5881
13,8023	0,5862
13,8155	0,5843
13,8279	0,5823
13,8396	0,5804
13,8504	0,5784
13,8602	0,5764
13,8689	0,5743
13,8765	0,5722
13,8830	0,5701
13,8882	0,5680
13,8922	0,5659
13,8951	0,5637
13,8967	0,5614
13,8973	0,5592
13,8967	0,5569
13,8951	0,5545
13,8925	0,5522
13,8891	0,5497
13,8849	0,5473
13,8802	0,5448
13,8749	0,5422
13,8693	0,5396
13,8634	0,5370
13,8575	0,5343
13,8516	0,5316
13,8459	0,5289
13,8406	0,5261
13,8358	0,5233
13,8315	0,5205
13,8280	0,5176
13,8253	0,5147
13,8236	0,5118
13,8229	0,5089
13,8233	0,5060
13,8248	0,5031
13,8275	0,5002
13,8315	0,4973
13,8366	0,4944
13,8430	0,4914
13,8506	0,4886
13,8593	0,4857
13,8691	0,4828
13,8799	0,4800
13,8917	0,4772
13,9043	0,4744
13,9176	0,4716
13,9315	0,4688
13,9459	0,4661
13,9606	0,4634
13,9755	0,4607
13,9904	0,4580
14,0053	0,4553
14,0199	0,4526
14,0342	0,4500
14,0479	0,4473
14,0610	0,4447
14,0733	0,4420
14,0848	0,4393
14,0954	0,4366
14,1049	0,4340
14,1133	0,4313
14,1205	0,4286
14,1266	0,4259
14,1314	0,4231
14,1351	0,4204
14,1376	0,4177
14,1389	0,4150
14,1391	0,4122
14,1382	0,4095
14,1364	0,4069
14,1337	0,4042
14,1303	0,4016
14,1262	0,3991
14,1216	0,3966
14,1166	0,3942
14,1114	0,3918
14,1060	0,3896
14,1006	0,3875
14,0955	0,3855
14,0906	0,3837
14,0861	0,3820
14,0822	0,3804
14,0789	0,3790
14,0764	0,3778
14,0747	0,3768
14,0740	0,3759
14,0742	0,3753
14,0754	0,3749
14,0776	0,3746
14,0809	0,3746
14,0852	0,3748
14,0905	0,3751
14,0968	0,3757
14,1040	0,3765
14,1120	0,3774
14,1208	0,3785
14,1303	0,3799
14,1405	0,3813
14,1511	0,3829
14,1621	0,3847
14,1734	0,3866
14,1849	0,3886
14,1965	0,3908
14,2081	0,3930
14,2196	0,3953
14,2309	0,3977
14,2419	0,4002
14,2526	0,4027
14,2629	0,4052
14,2727	0,4078
14,2821	0,4105
14,2909	0,4131
14,2992	0,4158
14,3070	0,4185
14,3143	0,4212
14,3211	0,4239
14,3274	0,4266
14,3333	0,4293
14,3388	0,4321
14,3440	0,4348
14,3490	0,4375
14,3538	0,4403
14,3584	0,4430
14,3631	0,4458
14,3678	0,4486
14,3726	0,4514
14,3776	0,4542
14,3828	0,4570
14,3883	0,4599
14,3942	0,4628
14,4004	0,4657
14,4072	0,4687
14,4143	0,4717
14,4220	0,4747
14,4301	0,4777
14,4387	0,4808
14,4477	0,4839
14,4572	0,4871
14,4670	0,4902
14,4773	0,4934
14,4878	0,4966
14,4986	0,4998
14,5096	0,5030
14,5206	0,5063
14,5318	0,5095
14,5429	0,5127
14,5539	0,5159
14,5648	0,5191
14,5754	0,5222
14,5858	0,5254
14,5958	0,5285
14,6054	0,5315
14,6145	0,5345
14,6231	0,5375
14,6312	0,5404
14,6388	0,5433
14,6457	0,5461
14,6521	0,5488
14,6578	0,5514
14,6630	0,5540
14,6675	0,5566
14,6715	0,5590
14,6749	0,5614
14,6778	0,5638
14,6801	0,5660
14,6820	0,5682
14,6834	0,5704
14,6845	0,5725
14,6851	0,5745
14,6855	0,5765
14,6856	0,5784
14,6854	0,5803
14,6851	0,5822
14,6847	0,5840
14,6841	0,5858
14,6835	0,5875
14,6829	0,5893
14,6824	0,5910
14,6819	0,5927
14,6815	0,5944
14,6813	0,5960
14,6813	0,5977
14,6814	0,5993
14,6818	0,6009
14,6825	0,6026
14,6834	0,6042
14,6846	0,6057
14,6861	0,6073
14,6880	0,6088
14,6902	0,6103
14,6928	0,6118
14,6957	0,6132
14,6990	0,6145
14,7027	0,6159
14,7067	0,6171
14,7112	0,6183
14,7160	0,6194
14,7212	0,6204
14,7268	0,6213
14,7327	0,6222
14,7391	0,6229
14,7457	0,6235
14,7527	0,6241
14,7600	0,6245
14,7677	0,6247
14,7756	0,6249
14,7838	0,6250
14,7922	0,6249
14,8008	0,6247
14,8096	0,6244
14,8186	0,6240
14,8276	0,6234
14,8367	0,6228
14,8459	0,6221
14,8550	0,6213
14,8642	0,6203
14,8732	0,6193
14,8821	0,6183
14,8910	0,6171
14,8996	0,6159
14,9080	0,6146
14,9163	0,6133
14,9243	0,6119
14,9320	0,6105
14,9395	0,6091
14,9467	0,6076
14,9537	0,6061
14,9605	0,6045
14,9669	0,6030
14,9732	0,6014
14,9793	0,5997
14,9852	0,5981
14,9910	0,5964
14,9967	0,5947
15,0023	0,5929
15,0079	0,5911
15,0134	0,5893
15,0190	0,5874
15,0247	0,5855
15,0305	0,5835
15,0365	0,5815
15,0426	0,5793
15,0488	0,5771
15,0553	0,5749
15,0620	0,5725
15,0690	0,5701
15,0761	0,5676
15,0835	0,5650
15,0911	0,5623
15,0989	0,5595
15,1068	0,5566
15,1149	0,5536
15,1231	0,5506
15,1314	0,5475
15,1397	0,5442
15,1480	0,5409
15,1563	0,5376
15,1646	0,5342
15,1727	0,5307
15,1807	0,5271
15,1885	0,5235
15,1960	0,5199
15,2034	0,5162
15,2104	0,5125
15,2172	0,5088
15,2237	0,5051
15,2298	0,5014
15,2357	0,4977
15,2412	0,4940
15,2464	0,4903
15,2513	0,4866
15,2559	0,4830
15,2603	0,4794
15,2645	0,4758
15,2685	0,4723
15,2723	0,4689
15,2760	0,4655
15,2797	0,4621
15,2833	0,4589
15,2869	0,4557
15,2906	0,4525
15,2944	0,4495
15,2983	0,4465
15,3024	0,4435
15,3066	0,4407
15,3111	0,4379
15,3158	0,4351
15,3208	0,4325
15,3260	0,4299
15,3315	0,4273
15,3373	0,4249
15,3433	0,4225
15,3495	0,4201
15,3560	0,4178
15,3627	0,4156
15,3695	0,4134
15,3765	0,4113
15,3836	0,4092
15,3908	0,4072
15,3980	0,4052
15,4052	0,4033
15,4124	0,4014
15,4195	0,3996
15,4265	0,3978
15,4333	0,3961
15,4399	0,3944
15,4463	0,3928
15,4525	0,3912
15,4584	0,3897
15,4640	0,3882
15,4693	0,3869
15,4743	0,3856
15,4790	0,3843
15,4834	0,3832
15,4874	0,3821
15,4911	0,3812
15,4946	0,3803
15,4977	0,3795
15,5006	0,3789
15,5032	0,3784
15,5056	0,3780
15,5078	0,3777
15,5098	0,3775
15,5116	0,3775
15,5134	0,3776
15,5150	0,3779
15,5166	0,3783
15,5181	0,3789
15,5197	0,3796
15,5212	0,3805
15,5228	0,3815
15,5245	0,3826
15,5262	0,3839
15,5281	0,3854
15,5301	0,3869
15,5323	0,3886
15,5347	0,3905
15,5372	0,3924
15,5400	0,3945
15,5430	0,3966
15,5462	0,3989
15,5497	0,4012
15,5534	0,4036
15,5573	0,4061
15,5616	0,4086
15,5660	0,4112
