-0,2582	0,4588
-0,2627	0,4652
-0,2668	0,4717
-0,2704	0,4782
-0,2735	0,4847
-0,2759	0,4912
-0,2776	0,4976
-0,2785	0,5039
-0,2786	0,5102
-0,2778	0,5162
-0,2760	0,5221
-0,2733	0,5279
-0,2696	0,5334
-0,2649	0,5386
-0,2593	0,5437
-0,2526	0,5485
-0,2450	0,5531
-0,2365	0,5574
-0,2270	0,5614
-0,2167	0,5653
-0,2056	0,5688
-0,1937	0,5722
-0,1812	0,5754
-0,1680	0,5783
-0,1542	0,5811
-0,1399	0,5838
-0,1252	0,5863
-0,1101	0,5887
-0,0947	0,5910
-0,0792	0,5932
-0,0634	0,5954
-0,0476	0,5976
-0,0318	0,5998
-0,0161	0,6020
-0,0005	0,6042
0,0149	0,6065
0,0301	0,6088
0,0449	0,6112
0,0595	0,6137
0,0736	0,6162
0,0872	0,6188
0,1004	0,6215
0,1131	0,6242
0,1252	0,6270
0,1368	0,6298
0,1478	0,6326
0,1583	0,6355
0,1681	0,6383
0,1774	0,6410
0,1861	0,6437
0,1943	0,6463
0,2019	0,6487
0,2090	0,6510
0,2155	0,6531
0,2217	0,6550
0,2273	0,6567
0,2326	0,6581
0,2376	0,6592
0,2422	0,6601
0,2466	0,6606
0,2508	0,6607
0,2548	0,6605
0,2586	0,6599
0,2624	0,6590
0,2662	0,6576
0,2700	0,6559
0,2738	0,6538
0,2778	0,6513
0,2818	0,6484
0,2861	0,6452
0,2906	0,6417
0,2953	0,6378
0,3002	0,6335
0,3055	0,6290
0,3110	0,6242
0,3168	0,6192
0,3229	0,6140
0,3293	0,6085
0,3361	0,6029
0,3431	0,5971
0,3503	0,5913
0,3579	0,5853
0,3656	0,5793
0,3736	0,5732
0,3817	0,5671
0,3900	0,5610
0,3984	0,5550
0,4069	0,5490
0,4154	0,5431
0,4238	0,5372
0,4323	0,5315
0,4406	0,5258
0,4489	0,5203
0,4570	0,5149
0,4648	0,5096
0,4725	0,5045
0,4800	0,4995
0,4871	0,4946
0,4940	0,4899
0,5005	0,4853
0,5067	0,4808
0,5126	0,4764
0,5181	0,4722
0,5233	0,4680
0,5282	0,4640
0,5326	0,4600
0,5368	0,4562
0,5406	0,4524
0,5441	0,4487
0,5473	0,4450
0,5502	0,4415
0,5528	0,4380
0,5552	0,4346
0,5574	0,4312
0,5594	0,4279
0,5612	0,4247
0,5629	0,4215
0,5645	0,4185
0,5660	0,4155
0,5675	0,4126
0,5691	0,4099
0,5706	0,4072
0,5723	0,4047
0,5741	0,4023
0,5760	0,4001
0,5782	0,3980
0,5806	0,3961
0,5833	0,3944
0,5864	0,3929
0,5898	0,3916
0,5936	0,3905
0,5979	0,3897
0,6026	0,3891
0,6079	0,3888
0,6137	0,3887
0,6201	0,3889
0,6271	0,3894
0,6346	0,3902
0,6429	0,3913
0,6517	0,3927
0,6612	0,3943
0,6713	0,3963
0,6820	0,3985
0,6934	0,4011
0,7053	0,4039
0,7178	0,4070
0,7308	0,4104
0,7443	0,4140
0,7583	0,4179
0,7726	0,4221
0,7873	0,4265
0,8022	0,4312
0,8174	0,4361
0,8326	0,4411
0,8479	0,4464
0,8632	0,4519
0,8784	0,4575
0,8934	0,4633
0,9081	0,4692
0,9225	0,4752
0,9365	0,4814
0,9500	0,4876
0,9630	0,4939
0,9753	0,5002
0,9871	0,5066
0,9981	0,5130
1,0084	0,5193
1,0179	0,5257
1,0267	0,5320
1,0348	0,5382
1,0420	0,5444
1,0485	0,5504
1,0543	0,5564
1,0593	0,5622
1,0638	0,5679
1,0676	0,5734
1,0709	0,5787
1,0737	0,5838
1,0761	0,5888
1,0781	0,5935
1,0800	0,5981
1,0816	0,6024
1,0832	0,6064
1,0848	0,6103
1,0864	0,6139
1,0883	0,6173
1,0903	0,6205
1,0927	0,6234
1,0955	0,6261
1,0987	0,6286
1,1025	0,6309
1,1068	0,6330
1,1117	0,6349
1,1172	0,6366
1,1234	0,6381
1,1303	0,6395
1,1379	0,6407
1,1462	0,6418
1,1551	0,6427
1,1647	0,6435
1,1749	0,6443
1,1857	0,6449
1,1971	0,6454
1,2090	0,6459
1,2213	0,6462
1,2340	0,6465
1,2470	0,6468
1,2602	0,6470
1,2736	0,6471
1,2870	0,6472
1,3003	0,6472
1,3136	0,6472
1,3265	0,6471
1,3392	0,6470
1,3514	0,6468
1,3631	0,6465
1,3741	0,6462
1,3845	0,6457
1,3941	0,6452
1,4029	0,6446
1,4107	0,6438
1,4176	0,6429
1,4235	0,6419
1,4283	0,6407
1,4321	0,6393
1,4348	0,6378
1,4366	0,6361
1,4372	0,6342
1,4370	0,6320
1,4357	0,6297
1,4337	0,6272
1,4308	0,6244
1,4273	0,6214
1,4232	0,6181
1,4187	0,6146
1,4138	0,6109
1,4088	0,6069
1,4036	0,6028
1,3986	0,5983
1,3938	0,5937
1,3894	0,5889
1,3855	0,5839
1,3822	0,5786
1,3798	0,5733
1,3783	0,5677
1,3779	0,5620
1,3786	0,5563
1,3805	0,5504
1,3838	0,5444
1,3884	0,5383
1,3945	0,5323
1,4020	0,5262
1,4109	0,5201
1,4213	0,5140
1,4331	0,5079
1,4462	0,5019
1,4606	0,4960
1,4761	0,4902
1,4928	0,4845
1,5103	0,4788
1,5286	0,4734
1,5476	0,4680
1,5671	0,4628
1,5868	0,4578
1,6066	0,4529
1,6264	0,4482
1,6460	0,4437
1,6650	0,4394
1,6835	0,4352
1,7013	0,4312
1,7180	0,4274
1,7337	0,4238
1,7482	0,4204
1,7614	0,4171
1,7731	0,4141
1,7834	0,4112
1,7921	0,4085
1,7992	0,4059
1,8048	0,4035
1,8088	0,4014
1,8112	0,3993
1,8122	0,3975
1,8117	0,3959
1,8100	0,3944
1,8071	0,3931
1,8031	0,3920
1,7982	0,3911
1,7925	0,3904
1,7863	0,3899
1,7796	0,3897
1,7727	0,3896
1,7658	0,3898
1,7589	0,3902
1,7523	0,3908
1,7461	0,3916
1,7406	0,3927
1,7357	0,3941
1,7317	0,3957
1,7287	0,3975
1,7267	0,3996
1,7258	0,4020
1,7262	0,4046
1,7277	0,4074
1,7305	0,4105
1,7346	0,4139
1,7399	0,4175
1,7464	0,4213
1,7541	0,4253
1,7628	0,4295
1,7725	0,4340
1,7831	0,4387
1,7945	0,4435
1,8066	0,4485
1,8192	0,4537
1,8323	0,4590
1,8457	0,4645
1,8593	0,4701
1,8729	0,4758
1,8865	0,4816
1,8999	0,4875
1,9130	0,4935
1,9258	0,4995
1,9382	0,5055
1,9500	0,5116
1,9614	0,5177
1,9721	0,5237
1,9822	0,5298
1,9916	0,5358
2,0004	0,5418
2,0086	0,5477
2,0163	0,5535
2,0233	0,5593
2,0299	0,5650
2,0360	0,5705
2,0418	0,5759
2,0472	0,5813
2,0525	0,5864
2,0576	0,5914
2,0626	0,5963
2,0677	0,6010
2,0729	0,6056
2,0783	0,6100
2,0840	0,6142
2,0900	0,6182
2,0964	0,6221
2,1033	0,6258
2,1107	0,6293
2,1186	0,6326
2,1271	0,6357
2,1361	0,6387
2,1457	0,6415
2,1559	0,6440
2,1666	0,6465
2,1779	0,6487
2,1896	0,6508
2,2018	0,6526
2,2143	0,6543
2,2272	0,6559
2,2404	0,6572
2,2537	0,6584
2,2672	0,6595
2,2808	0,6603
2,2943	0,6610
2,3077	0,6616
2,3209	0,6619
2,3339	0,6621
2,3466	0,6622
2,3589	0,6621
2,3708	0,6618
2,3822	0,6614
2,3930	0,6608
2,4033	0,6600
2,4130	0,6592
2,4220	0,6581
2,4304	0,6569
2,4381	0,6556
2,4451	0,6541
2,4514	0,6525
2,4570	0,6507
2,4620	0,6488
2,4663	0,6468
2,4699	0,6446
2,4730	0,6423
2,4754	0,6399
2,4773	0,6373
2,4786	0,6346
2,4794	0,6318
2,4798	0,6289
2,4798	0,6258
2,4795	0,6227
2,4788	0,6194
2,4779	0,6160
2,4768	0,6125
2,4756	0,6089
2,4743	0,6051
2,4731	0,6013
2,4719	0,5974
2,4709	0,5933
2,4701	0,5892
2,4697	0,5850
2,4696	0,5807
2,4700	0,5763
2,4710	0,5718
2,4726	0,5672
2,4749	0,5625
2,4781	0,5578
2,4821	0,5529
2,4870	0,5481
2,4929	0,5431
2,4999	0,5381
2,5079	0,5330
2,5171	0,5279
2,5274	0,5228
2,5389	0,5176
2,5515	0,5124
2,5653	0,5072
2,5802	0,5020
2,5961	0,4968
2,6131	0,4917
2,6310	0,4865
2,6498	0,4814
2,6693	0,4763
2,6894	0,4713
2,7101	0,4663
2,7311	0,4615
2,7524	0,4567
2,7737	0,4520
2,7949	0,4475
2,8160	0,4430
2,8366	0,4387
2,8566	0,4346
2,8759	0,4306
2,8943	0,4267
2,9117	0,4230
2,9280	0,4195
2,9429	0,4162
2,9565	0,4131
2,9686	0,4102
2,9792	0,4075
2,9882	0,4050
2,9955	0,4028
3,0012	0,4007
3,0052	0,3990
3,0076	0,3974
3,0084	0,3961
3,0078	0,3950
3,0057	0,3942
3,0024	0,3936
2,9978	0,3933
2,9923	0,3933
2,9858	0,3934
2,9786	0,3939
2,9709	0,3946
2,9628	0,3955
2,9546	0,3966
2,9464	0,3980
2,9383	0,3997
2,9306	0,4015
2,9235	0,4036
2,9170	0,4058
2,9114	0,4083
2,9068	0,4109
2,9033	0,4137
2,9010	0,4167
2,9000	0,4198
2,9004	0,4230
2,9022	0,4264
2,9054	0,4299
2,9101	0,4335
2,9163	0,4372
2,9238	0,4410
2,9327	0,4449
2,9430	0,4488
2,9544	0,4528
2,9670	0,4569
2,9807	0,4610
2,9953	0,4651
3,0107	0,4692
3,0268	0,4734
3,0435	0,4776
3,0606	0,4818
3,0781	0,4861
3,0957	0,4903
3,1135	0,4946
3,1312	0,4988
3,1488	0,5031
3,1661	0,5074
3,1832	0,5117
3,1998	0,5160
3,2159	0,5203
3,2315	0,5246
3,2465	0,5289
3,2608	0,5332
3,2745	0,5375
3,2874	0,5418
3,2997	0,5461
3,3113	0,5504
3,3221	0,5547
3,3322	0,5590
3,3416	0,5632
3,3504	0,5675
3,3585	0,5717
3,3661	0,5759
3,3730	0,5801
3,3794	0,5842
3,3853	0,5883
3,3908	0,5923
3,3959	0,5963
3,4005	0,6002
3,4049	0,6040
3,4090	0,6077
3,4128	0,6114
3,4163	0,6149
3,4197	0,6184
3,4229	0,6217
3,4259	0,6250
3,4288	0,6281
3,4316	0,6310
3,4342	0,6339
3,4367	0,6366
3,4391	0,6392
3,4413	0,6416
3,4434	0,6438
3,4454	0,6459
3,4473	0,6478
3,4490	0,6496
3,4505	0,6512
3,4519	0,6526
3,4531	0,6539
3,4542	0,6550
3,4551	0,6559
3,4558	0,6566
3,4565	0,6571
3,4570	0,6575
3,4574	0,6576
3,4577	0,6576
3,4580	0,6574
3,4583	0,6570
3,4586	0,6563
3,4590	0,6555
3,4595	0,6545
3,4602	0,6533
3,4611	0,6519
3,4623	0,6502
3,4638	0,6484
3,4657	0,6464
3,4679	0,6442
3,4707	0,6417
3,4739	0,6391
3,4777	0,6363
3,4820	0,6333
3,4869	0,6301
3,4924	0,6267
3,4986	0,6232
3,5053	0,6194
3,5127	0,6156
3,5207	0,6116
3,5293	0,6075
3,5384	0,6032
3,5481	0,5988
3,5582	0,5944
3,5687	0,5898
3,5795	0,5852
3,5907	0,5806
3,6021	0,5759
3,6136	0,5711
3,6251	0,5664
3,6366	0,5616
3,6480	0,5569
3,6593	0,5522
3,6702	0,5475
3,6808	0,5429
3,6910	0,5383
3,7007	0,5338
3,7099	0,5294
3,7185	0,5251
3,7265	0,5208
3,7338	0,5166
3,7405	0,5126
3,7465	0,5086
3,7518	0,5047
3,7565	0,5009
3,7605	0,4973
3,7639	0,4937
3,7668	0,4902
3,7691	0,4868
3,7710	0,4835
3,7724	0,4803
3,7735	0,4771
3,7743	0,4741
3,7749	0,4711
3,7753	0,4682
3,7757	0,4653
3,7760	0,4625
3,7763	0,4598
3,7767	0,4571
3,7772	0,4545
3,7779	0,4520
3,7788	0,4495
3,7800	0,4471
3,7814	0,4447
3,7832	0,4424
3,7852	0,4401
3,7876	0,4379
3,7903	0,4358
3,7933	0,4337
3,7967	0,4317
3,8004	0,4298
3,8044	0,4280
3,8088	0,4263
3,8134	0,4247
3,8184	0,4232
3,8236	0,4219
3,8291	0,4206
3,8349	0,4195
3,8410	0,4186
3,8473	0,4178
3,8540	0,4172
3,8609	0,4167
3,8681	0,4165
3,8755	0,4164
3,8833	0,4165
3,8913	0,4168
3,8996	0,4173
3,9083	0,4181
3,9172	0,4190
3,9264	0,4202
3,9359	0,4215
3,9457	0,4231
3,9558	0,4249
3,9662	0,4268
3,9768	0,4290
3,9876	0,4314
3,9987	0,4340
4,0099	0,4367
4,0214	0,4397
4,0329	0,4428
4,0446	0,4461
4,0563	0,4495
4,0680	0,4530
4,0797	0,4567
4,0913	0,4606
4,1028	0,4645
4,1141	0,4685
4,1253	0,4727
4,1362	0,4769
4,1468	0,4812
4,1570	0,4855
4,1669	0,4900
4,1764	0,4944
4,1854	0,4989
4,1939	0,5035
4,2020	0,5081
4,2095	0,5127
4,2165	0,5173
4,2229	0,5219
4,2288	0,5265
4,2341	0,5312
4,2389	0,5358
4,2432	0,5404
4,2469	0,5450
4,2502	0,5496
4,2530	0,5542
4,2554	0,5588
4,2574	0,5633
4,2591	0,5678
4,2606	0,5723
4,2618	0,5768
4,2629	0,5812
4,2638	0,5855
4,2648	0,5899
4,2658	0,5941
4,2669	0,5983
4,2682	0,6024
4,2698	0,6065
4,2716	0,6105
4,2738	0,6143
4,2764	0,6181
4,2795	0,6218
4,2832	0,6254
4,2874	0,6288
4,2922	0,6321
4,2976	0,6353
4,3036	0,6383
4,3104	0,6412
4,3178	0,6439
4,3258	0,6465
4,3346	0,6488
4,3439	0,6511
4,3539	0,6531
4,3644	0,6549
4,3755	0,6566
4,3870	0,6581
4,3990	0,6593
4,4114	0,6605
4,4241	0,6614
4,4371	0,6621
4,4502	0,6627
4,4635	0,6631
4,4769	0,6633
4,4903	0,6634
4,5036	0,6633
4,5167	0,6630
4,5297	0,6626
4,5425	0,6621
4,5550	0,6614
4,5671	0,6606
4,5789	0,6596
4,5903	0,6585
4,6013	0,6573
4,6118	0,6559
4,6219	0,6544
4,6315	0,6528
4,6406	0,6511
4,6492	0,6492
4,6574	0,6472
4,6651	0,6451
4,6723	0,6428
4,6791	0,6404
4,6855	0,6378
4,6915	0,6352
4,6971	0,6323
4,7023	0,6294
4,7071	0,6263
4,7116	0,6231
4,7158	0,6197
4,7197	0,6162
4,7234	0,6126
4,7267	0,6089
4,7298	0,6050
4,7327	0,6010
4,7353	0,5970
4,7377	0,5928
4,7398	0,5885
4,7418	0,5841
4,7435	0,5797
4,7451	0,5751
4,7464	0,5706
4,7475	0,5659
4,7484	0,5612
4,7491	0,5565
4,7496	0,5518
4,7500	0,5470
4,7501	0,5423
4,7501	0,5375
4,7499	0,5328
4,7495	0,5280
4,7491	0,5233
4,7485	0,5186
4,7479	0,5140
4,7472	0,5094
4,7465	0,5048
4,7458	0,5003
4,7451	0,4959
4,7446	0,4915
4,7441	0,4872
4,7438	0,4829
4,7438	0,4787
4,7440	0,4746
4,7444	0,4706
4,7452	0,4666
4,7464	0,4627
4,7480	0,4590
4,7501	0,4553
4,7526	0,4517
4,7557	0,4482
4,7593	0,4448
4,7635	0,4415
4,7683	0,4383
4,7738	0,4352
4,7799	0,4322
4,7867	0,4294
4,7942	0,4267
4,8024	0,4241
4,8113	0,4217
4,8209	0,4194
4,8312	0,4172
4,8422	0,4153
4,8538	0,4134
4,8662	0,4118
4,8792	0,4103
4,8928	0,4090
4,9070	0,4079
4,9218	0,4070
4,9371	0,4063
4,9529	0,4058
4,9692	0,4055
4,9859	0,4054
5,0029	0,4055
5,0202	0,4058
5,0377	0,4064
5,0554	0,4072
5,0732	0,4081
5,0910	0,4093
5,1088	0,4108
5,1264	0,4124
5,1438	0,4142
5,1609	0,4163
5,1777	0,4186
5,1940	0,4210
5,2098	0,4237
5,2251	0,4265
5,2396	0,4296
5,2534	0,4328
5,2665	0,4362
5,2786	0,4397
5,2899	0,4434
5,3002	0,4472
5,3096	0,4512
5,3180	0,4553
5,3253	0,4595
5,3316	0,4638
5,3369	0,4682
5,3412	0,4728
5,3445	0,4773
5,3468	0,4820
5,3483	0,4867
5,3489	0,4915
5,3487	0,4963
5,3478	0,5012
5,3462	0,5061
5,3441	0,5110
5,3415	0,5159
5,3386	0,5208
5,3353	0,5257
5,3319	0,5305
5,3284	0,5354
5,3250	0,5402
5,3216	0,5450
5,3184	0,5497
5,3155	0,5544
5,3130	0,5590
5,3110	0,5635
5,3094	0,5680
5,3084	0,5724
5,3081	0,5767
5,3084	0,5810
5,3094	0,5851
5,3112	0,5891
5,3138	0,5931
5,3171	0,5969
5,3212	0,6006
5,3261	0,6042
5,3317	0,6077
5,3381	0,6111
5,3452	0,6143
5,3529	0,6174
5,3613	0,6204
5,3702	0,6233
5,3797	0,6260
5,3897	0,6286
5,4000	0,6310
5,4107	0,6333
5,4216	0,6355
5,4328	0,6375
5,4440	0,6394
5,4553	0,6411
5,4666	0,6427
5,4778	0,6442
5,4887	0,6455
5,4995	0,6466
5,5099	0,6476
5,5199	0,6485
5,5295	0,6492
5,5385	0,6498
5,5470	0,6503
5,5549	0,6506
5,5622	0,6508
5,5688	0,6509
5,5747	0,6508
5,5799	0,6506
5,5844	0,6504
5,5881	0,6500
5,5912	0,6495
5,5937	0,6489
5,5954	0,6482
5,5966	0,6474
5,5973	0,6466
5,5975	0,6456
5,5972	0,6445
5,5966	0,6434
5,5958	0,6422
5,5948	0,6409
5,5937	0,6395
5,5927	0,6380
5,5917	0,6365
5,5909	0,6348
5,5905	0,6331
5,5904	0,6313
5,5907	0,6294
5,5916	0,6274
5,5931	0,6253
5,5953	0,6232
5,5982	0,6209
5,6019	0,6185
5,6063	0,6161
5,6116	0,6136
5,6177	0,6109
5,6246	0,6082
5,6323	0,6054
5,6408	0,6025
5,6500	0,5996
5,6600	0,5965
5,6706	0,5934
5,6817	0,5903
5,6934	0,5870
5,7055	0,5837
5,7180	0,5804
5,7308	0,5770
5,7437	0,5736
5,7568	0,5701
5,7699	0,5666
5,7830	0,5631
5,7959	0,5596
5,8087	0,5561
5,8212	0,5526
5,8334	0,5490
5,8452	0,5455
5,8567	0,5420
5,8677	0,5385
5,8782	0,5349
5,8883	0,5314
5,8979	0,5279
5,9070	0,5244
5,9157	0,5210
5,9239	0,5175
5,9317	0,5140
5,9392	0,5105
5,9463	0,5070
5,9531	0,5035
5,9597	0,4999
5,9661	0,4964
5,9724	0,4928
5,9785	0,4892
5,9847	0,4856
5,9908	0,4820
5,9970	0,4783
6,0033	0,4746
6,0097	0,4709
6,0163	0,4672
6,0231	0,4635
6,0300	0,4597
6,0372	0,4560
6,0445	0,4522
6,0521	0,4485
6,0599	0,4448
6,0678	0,4411
6,0760	0,4375
6,0843	0,4340
6,0927	0,4305
6,1012	0,4271
6,1098	0,4238
6,1185	0,4207
6,1272	0,4177
6,1358	0,4148
6,1445	0,4121
6,1531	0,4096
6,1616	0,4073
6,1700	0,4052
6,1784	0,4033
6,1865	0,4016
6,1946	0,4002
6,2025	0,3990
6,2102	0,3980
6,2177	0,3973
6,2251	0,3969
6,2323	0,3967
6,2394	0,3968
6,2462	0,3971
6,2529	0,3977
6,2593	0,3985
6,2656	0,3995
6,2718	0,4008
6,2777	0,4022
6,2835	0,4039
6,2891	0,4058
6,2946	0,4078
6,2999	0,4100
6,3051	0,4124
6,3102	0,4149
6,3151	0,4175
6,3199	0,4202
6,3246	0,4231
6,3293	0,4260
6,3338	0,4290
6,3383	0,4322
6,3427	0,4354
6,3471	0,4386
6,3514	0,4419
6,3557	0,4453
6,3601	0,4488
6,3644	0,4523
6,3688	0,4559
6,3733	0,4595
6,3778	0,4633
6,3824	0,4671
6,3871	0,4709
6,3919	0,4749
6,3970	0,4789
6,4021	0,4831
6,4075	0,4873
6,4131	0,4916
6,4189	0,4961
6,4250	0,5006
6,4314	0,5053
6,4380	0,5100
6,4450	0,5148
6,4523	0,5198
6,4599	0,5248
6,4678	0,5300
6,4761	0,5352
6,4847	0,5404
6,4936	0,5458
6,5029	0,5511
6,5124	0,5565
6,5223	0,5619
6,5323	0,5673
6,5426	0,5727
6,5531	0,5781
6,5637	0,5834
6,5744	0,5886
6,5852	0,5937
6,5959	0,5987
6,6066	0,6036
6,6171	0,6083
6,6275	0,6129
6,6376	0,6172
6,6474	0,6214
6,6569	0,6254
6,6659	0,6292
6,6745	0,6327
6,6826	0,6360
6,6901	0,6391
6,6970	0,6420
6,7034	0,6446
6,7090	0,6469
6,7140	0,6490
6,7184	0,6509
6,7220	0,6525
6,7250	0,6539
6,7273	0,6551
6,7290	0,6560
6,7301	0,6568
6,7306	0,6573
6,7306	0,6577
6,7301	0,6579
6,7291	0,6579
6,7278	0,6578
6,7262	0,6575
6,7244	0,6571
6,7225	0,6565
6,7204	0,6559
6,7184	0,6551
6,7165	0,6543
6,7147	0,6533
6,7131	0,6523
6,7119	0,6512
6,7111	0,6500
6,7107	0,6488
6,7108	0,6475
6,7115	0,6461
6,7128	0,6447
6,7147	0,6432
6,7173	0,6417
6,7206	0,6401
6,7246	0,6384
6,7293	0,6367
6,7347	0,6349
6,7408	0,6331
6,7475	0,6311
6,7548	0,6291
6,7626	0,6270
6,7710	0,6248
6,7798	0,6225
6,7889	0,6201
6,7984	0,6177
6,8080	0,6151
6,8178	0,6124
6,8276	0,6096
6,8373	0,6068
6,8470	0,6038
6,8564	0,6007
6,8655	0,5975
6,8743	0,5942
6,8826	0,5908
6,8905	0,5873
6,8979	0,5838
6,9048	0,5801
6,9110	0,5764
6,9167	0,5726
6,9219	0,5687
6,9265	0,5647
6,9305	0,5607
6,9341	0,5566
6,9372	0,5525
6,9400	0,5483
6,9424	0,5440
6,9447	0,5397
6,9467	0,5354
6,9488	0,5310
6,9508	0,5266
6,9530	0,5221
6,9554	0,5176
6,9581	0,5131
6,9612	0,5086
6,9647	0,5040
6,9689	0,4994
6,9736	0,4948
6,9790	0,4902
6,9852	0,4855
6,9921	0,4809
6,9998	0,4762
7,0083	0,4716
7,0176	0,4670
7,0277	0,4624
7,0386	0,4578
7,0502	0,4533
7,0624	0,4488
7,0753	0,4444
7,0888	0,4401
7,1027	0,4358
7,1170	0,4317
7,1317	0,4276
7,1467	0,4237
7,1617	0,4199
7,1769	0,4163
7,1920	0,4129
7,2070	0,4096
7,2218	0,4065
7,2364	0,4037
7,2506	0,4011
7,2644	0,3987
7,2777	0,3965
7,2904	0,3947
7,3026	0,3930
7,3141	0,3917
7,3250	0,3906
7,3352	0,3899
7,3446	0,3894
7,3534	0,3892
7,3614	0,3892
7,3687	0,3896
7,3752	0,3902
7,3811	0,3912
7,3863	0,3923
7,3908	0,3938
7,3947	0,3955
7,3981	0,3974
7,4008	0,3995
7,4031	0,4019
7,4048	0,4044
7,4062	0,4071
7,4071	0,4100
7,4077	0,4131
7,4079	0,4162
7,4079	0,4195
7,4076	0,4229
7,4071	0,4264
7,4065	0,4299
7,4057	0,4335
7,4048	0,4372
7,4038	0,4409
7,4028	0,4445
7,4018	0,4482
7,4008	0,4520
7,3998	0,4556
7,3989	0,4593
7,3981	0,4630
7,3974	0,4666
7,3968	0,4702
7,3964	0,4738
7,3961	0,4773
7,3961	0,4808
7,3962	0,4843
7,3966	0,4878
7,3972	0,4912
7,3981	0,4946
7,3993	0,4979
7,4007	0,5013
7,4024	0,5046
7,4044	0,5080
7,4066	0,5113
7,4092	0,5146
7,4121	0,5179
7,4152	0,5213
7,4187	0,5246
7,4224	0,5279
7,4264	0,5313
7,4307	0,5347
7,4352	0,5381
7,4399	0,5416
7,4449	0,5450
7,4501	0,5485
7,4554	0,5521
7,4609	0,5556
7,4666	0,5592
7,4724	0,5628
7,4783	0,5665
7,4842	0,5702
7,4903	0,5739
7,4963	0,5776
7,5024	0,5813
7,5085	0,5851
7,5145	0,5888
7,5205	0,5926
7,5264	0,5963
7,5323	0,6000
7,5381	0,6037
7,5438	0,6074
7,5494	0,6110
7,5549	0,6145
7,5603	0,6180
7,5657	0,6215
7,5709	0,6248
7,5762	0,6281
7,5814	0,6312
7,5867	0,6342
7,5919	0,6371
7,5973	0,6399
7,6028	0,6425
7,6084	0,6450
7,6142	0,6473
7,6202	0,6494
7,6264	0,6513
7,6330	0,6531
7,6399	0,6547
7,6471	0,6561
7,6547	0,6573
7,6627	0,6583
7,6711	0,6592
7,6799	0,6598
7,6891	0,6603
7,6987	0,6606
7,7087	0,6607
7,7190	0,6606
7,7297	0,6604
7,7407	0,6600
7,7519	0,6595
7,7633	0,6589
7,7749	0,6581
7,7866	0,6572
7,7984	0,6562
7,8102	0,6551
7,8219	0,6539
7,8335	0,6527
7,8449	0,6514
7,8561	0,6500
7,8671	0,6485
7,8777	0,6470
7,8880	0,6454
7,8979	0,6438
7,9074	0,6421
7,9164	0,6403
7,9249	0,6385
7,9330	0,6367
7,9405	0,6347
7,9476	0,6327
7,9542	0,6306
7,9603	0,6285
7,9660	0,6262
7,9712	0,6238
7,9761	0,6213
7,9806	0,6187
7,9848	0,6160
7,9888	0,6131
7,9926	0,6101
7,9962	0,6069
7,9997	0,6036
8,0033	0,6002
8,0069	0,5965
8,0105	0,5928
8,0144	0,5888
8,0185	0,5847
8,0229	0,5805
8,0276	0,5761
8,0327	0,5716
8,0382	0,5670
8,0442	0,5623
8,0508	0,5574
8,0579	0,5525
8,0655	0,5475
8,0737	0,5424
8,0826	0,5373
8,0919	0,5322
8,1019	0,5271
8,1123	0,5220
8,1233	0,5170
8,1348	0,5120
8,1467	0,5070
8,1589	0,5022
8,1715	0,4974
8,1843	0,4928
8,1973	0,4883
8,2104	0,4839
8,2236	0,4797
8,2368	0,4757
8,2498	0,4718
8,2627	0,4681
8,2754	0,4646
8,2878	0,4612
8,2998	0,4581
8,3115	0,4551
8,3226	0,4523
8,3333	0,4497
8,3435	0,4473
8,3531	0,4450
8,3621	0,4429
8,3706	0,4409
8,3784	0,4391
8,3857	0,4374
8,3923	0,4358
8,3984	0,4343
8,4039	0,4329
8,4089	0,4316
8,4133	0,4304
8,4173	0,4293
8,4208	0,4282
8,4238	0,4272
8,4265	0,4262
8,4287	0,4253
8,4307	0,4244
8,4323	0,4236
8,4336	0,4228
8,4347	0,4220
8,4355	0,4212
8,4362	0,4205
8,4367	0,4199
8,4370	0,4193
8,4372	0,4188
8,4372	0,4183
8,4372	0,4179
8,4370	0,4176
8,4368	0,4173
8,4365	0,4172
8,4362	0,4172
8,4359	0,4173
8,4356	0,4175
8,4353	0,4179
8,4351	0,4184
8,4349	0,4190
8,4349	0,4199
8,4350	0,4208
8,4353	0,4220
8,4359	0,4233
8,4367	0,4249
8,4379	0,4266
8,4394	0,4284
8,4414	0,4305
8,4439	0,4327
8,4469	0,4351
8,4504	0,4377
8,4546	0,4404
8,4594	0,4433
8,4649	0,4464
8,4711	0,4496
8,4780	0,4529
8,4857	0,4563
8,4941	0,4599
8,5032	0,4636
8,5130	0,4673
8,5235	0,4712
8,5346	0,4751
8,5463	0,4791
8,5585	0,4831
8,5711	0,4872
8,5841	0,4913
8,5974	0,4954
8,6108	0,4996
8,6243	0,5037
8,6379	0,5078
8,6513	0,5119
8,6644	0,5160
8,6773	0,5200
8,6898	0,5240
8,7017	0,5280
8,7131	0,5319
8,7239	0,5357
8,7339	0,5395
8,7431	0,5432
8,7515	0,5469
8,7591	0,5505
8,7658	0,5540
8,7716	0,5575
8,7766	0,5609
8,7807	0,5643
8,7840	0,5676
8,7864	0,5709
8,7882	0,5741
8,7893	0,5773
8,7898	0,5804
8,7898	0,5835
8,7894	0,5866
8,7886	0,5896
8,7876	0,5926
8,7865	0,5956
8,7853	0,5986
8,7843	0,6016
8,7834	0,6046
8,7827	0,6075
8,7825	0,6104
8,7826	0,6134
8,7834	0,6163
8,7847	0,6192
8,7866	0,6221
8,7893	0,6250
8,7927	0,6278
8,7969	0,6306
8,8018	0,6334
8,8076	0,6362
8,8141	0,6389
8,8213	0,6415
8,8292	0,6441
8,8377	0,6466
8,8468	0,6491
8,8564	0,6514
8,8664	0,6537
8,8767	0,6558
8,8873	0,6579
8,8980	0,6598
8,9087	0,6615
8,9194	0,6632
8,9298	0,6647
8,9400	0,6660
8,9499	0,6671
8,9592	0,6681
8,9681	0,6689
8,9764	0,6695
8,9839	0,6699
8,9908	0,6701
8,9970	0,6701
9,0024	0,6699
9,0071	0,6695
9,0110	0,6688
9,0142	0,6680
9,0168	0,6669
9,0187	0,6656
9,0201	0,6641
9,0210	0,6624
9,0215	0,6605
9,0218	0,6584
9,0219	0,6560
9,0219	0,6535
9,0220	0,6508
9,0223	0,6480
9,0229	0,6449
9,0240	0,6417
9,0256	0,6384
9,0278	0,6349
9,0309	0,6313
9,0348	0,6276
9,0396	0,6238
9,0455	0,6199
9,0525	0,6159
9,0606	0,6119
9,0698	0,6079
9,0802	0,6038
9,0918	0,5997
9,1045	0,5956
9,1182	0,5916
9,1330	0,5875
9,1487	0,5836
9,1653	0,5796
9,1826	0,5757
9,2005	0,5719
9,2189	0,5682
9,2376	0,5646
9,2566	0,5610
9,2756	0,5576
9,2945	0,5542
9,3131	0,5509
9,3312	0,5478
9,3488	0,5447
9,3656	0,5417
9,3816	0,5388
9,3965	0,5360
9,4103	0,5333
9,4229	0,5306
9,4341	0,5280
9,4439	0,5255
9,4522	0,5229
9,4590	0,5204
9,4642	0,5180
9,4679	0,5155
9,4701	0,5130
9,4707	0,5106
9,4698	0,5081
9,4676	0,5055
9,4640	0,5030
9,4592	0,5004
9,4533	0,4977
9,4463	0,4950
9,4385	0,4922
9,4300	0,4894
9,4209	0,4865
9,4114	0,4835
9,4017	0,4805
9,3919	0,4774
9,3821	0,4742
9,3726	0,4710
9,3634	0,4677
9,3548	0,4644
9,3468	0,4611
9,3397	0,4578
9,3334	0,4544
9,3282	0,4510
9,3241	0,4477
9,3212	0,4443
9,3196	0,4410
9,3192	0,4378
9,3202	0,4346
9,3225	0,4314
9,3261	0,4284
9,3311	0,4254
9,3374	0,4226
9,3449	0,4199
9,3536	0,4173
9,3634	0,4149
9,3743	0,4126
9,3861	0,4105
9,3987	0,4086
9,4121	0,4069
9,4261	0,4053
9,4406	0,4040
9,4555	0,4029
9,4707	0,4020
9,4862	0,4013
9,5016	0,4008
9,5171	0,4005
9,5325	0,4005
9,5476	0,4007
9,5625	0,4011
9,5769	0,4017
9,5910	0,4026
9,6045	0,4036
9,6175	0,4049
9,6299	0,4064
9,6416	0,4081
9,6527	0,4100
9,6632	0,4120
9,6730	0,4143
9,6821	0,4167
9,6905	0,4193
9,6983	0,4220
9,7054	0,4249
9,7120	0,4279
9,7179	0,4310
9,7233	0,4343
9,7281	0,4376
9,7325	0,4411
9,7364	0,4446
9,7398	0,4482
9,7430	0,4518
9,7457	0,4555
9,7482	0,4593
9,7505	0,4631
9,7525	0,4669
9,7543	0,4708
9,7561	0,4747
9,7577	0,4785
9,7593	0,4824
9,7610	0,4864
9,7626	0,4903
9,7643	0,4942
9,7661	0,4981
9,7681	0,5020
9,7702	0,5060
9,7726	0,5099
9,7751	0,5138
9,7779	0,5177
9,7810	0,5216
9,7844	0,5255
9,7881	0,5294
9,7922	0,5333
9,7965	0,5371
9,8012	0,5410
9,8062	0,5449
9,8115	0,5487
9,8171	0,5525
9,8231	0,5563
9,8293	0,5601
9,8357	0,5638
9,8425	0,5675
9,8494	0,5712
9,8565	0,5748
9,8638	0,5784
9,8712	0,5818
9,8787	0,5853
9,8862	0,5886
9,8938	0,5919
9,9015	0,5951
9,9091	0,5981
9,9167	0,6011
9,9243	0,6040
9,9318	0,6067
9,9392	0,6094
9,9466	0,6119
9,9539	0,6142
9,9612	0,6165
9,9683	0,6186
9,9755	0,6205
9,9826	0,6223
9,9897	0,6240
9,9967	0,6256
10,0038	0,6270
10,0110	0,6283
10,0182	0,6295
10,0255	0,6305
10,0329	0,6314
10,0404	0,6323
10,0481	0,6330
10,0559	0,6336
10,0638	0,6341
10,0719	0,6346
10,0801	0,6349
10,0885	0,6352
10,0969	0,6355
10,1055	0,6356
10,1141	0,6357
10,1227	0,6358
10,1313	0,6358
10,1398	0,6358
10,1483	0,6358
10,1566	0,6357
10,1648	0,6356
10,1727	0,6354
10,1804	0,6352
10,1878	0,6349
10,1949	0,6347
10,2016	0,6343
10,2079	0,6339
10,2138	0,6335
10,2194	0,6330
10,2245	0,6324
10,2291	0,6318
10,2334	0,6311
10,2373	0,6302
10,2408	0,6293
10,2439	0,6283
10,2467	0,6271
10,2492	0,6259
10,2514	0,6245
10,2533	0,6230
10,2551	0,6213
10,2568	0,6195
10,2583	0,6176
10,2598	0,6155
10,2612	0,6133
10,2627	0,6109
10,2642	0,6084
10,2658	0,6057
10,2675	0,6029
10,2694	0,6000
10,2715	0,5970
10,2738	0,5938
10,2763	0,5905
10,2791	0,5871
10,2822	0,5837
10,2855	0,5801
10,2892	0,5765
10,2932	0,5728
10,2974	0,5690
10,3020	0,5652
10,3069	0,5614
10,3121	0,5576
10,3176	0,5537
10,3234	0,5498
10,3294	0,5459
10,3357	0,5421
10,3423	0,5382
10,3491	0,5344
10,3561	0,5306
10,3633	0,5269
10,3707	0,5232
10,3783	0,5195
10,3859	0,5159
10,3937	0,5123
10,4015	0,5088
10,4094	0,5053
10,4173	0,5019
10,4252	0,4986
10,4331	0,4953
10,4409	0,4920
10,4486	0,4888
10,4562	0,4857
10,4636	0,4826
10,4709	0,4795
10,4780	0,4765
10,4849	0,4736
10,4915	0,4707
10,4979	0,4678
10,5041	0,4650
10,5100	0,4622
10,5156	0,4595
10,5209	0,4568
10,5260	0,4542
10,5308	0,4516
10,5353	0,4490
10,5395	0,4465
10,5435	0,4441
10,5473	0,4416
10,5508	0,4393
10,5542	0,4370
10,5573	0,4347
10,5603	0,4325
10,5632	0,4304
10,5659	0,4283
10,5686	0,4262
10,5712	0,4243
10,5738	0,4224
10,5763	0,4206
10,5789	0,4188
10,5816	0,4171
10,5843	0,4155
10,5871	0,4140
10,5900	0,4125
10,5930	0,4112
10,5963	0,4099
10,5996	0,4087
10,6032	0,4076
10,6070	0,4066
10,6110	0,4057
10,6153	0,4049
10,6197	0,4042
10,6244	0,4036
10,6294	0,4032
10,6345	0,4028
10,6400	0,4026
10,6456	0,4024
10,6515	0,4024
10,6575	0,4026
10,6638	0,4028
10,6703	0,4032
10,6770	0,4038
10,6839	0,4044
10,6909	0,4053
10,6981	0,4062
10,7054	0,4074
10,7129	0,4086
10,7205	0,4100
10,7283	0,4116
10,7361	0,4134
10,7441	0,4152
10,7522	0,4173
10,7604	0,4195
10,7687	0,4218
10,7771	0,4243
10,7856	0,4269
10,7943	0,4297
10,8030	0,4326
10,8119	0,4356
10,8208	0,4388
10,8299	0,4421
10,8391	0,4454
10,8484	0,4489
10,8578	0,4525
10,8672	0,4562
10,8768	0,4599
10,8863	0,4637
10,8960	0,4675
10,9056	0,4714
10,9152	0,4753
10,9248	0,4793
10,9343	0,4833
10,9436	0,4872
10,9529	0,4912
10,9619	0,4952
10,9707	0,4991
10,9792	0,5030
10,9874	0,5069
10,9953	0,5108
11,0029	0,5146
11,0100	0,5183
11,0167	0,5220
11,0229	0,5257
11,0287	0,5293
11,0340	0,5329
11,0388	0,5364
11,0431	0,5398
11,0470	0,5432
11,0504	0,5465
11,0533	0,5497
11,0559	0,5529
11,0581	0,5561
11,0600	0,5592
11,0616	0,5622
11,0629	0,5652
11,0641	0,5681
11,0652	0,5710
11,0663	0,5738
11,0673	0,5766
11,0685	0,5793
11,0698	0,5820
11,0713	0,5847
11,0730	0,5873
11,0751	0,5899
11,0775	0,5924
11,0804	0,5949
11,0837	0,5974
11,0875	0,5998
11,0919	0,6021
11,0967	0,6044
11,1021	0,6067
11,1080	0,6089
11,1144	0,6110
11,1213	0,6131
11,1287	0,6152
11,1365	0,6172
11,1447	0,6191
11,1533	0,6209
11,1622	0,6227
11,1713	0,6244
11,1806	0,6260
11,1899	0,6276
11,1994	0,6290
11,2087	0,6304
11,2180	0,6317
11,2271	0,6329
11,2360	0,6340
11,2445	0,6350
11,2527	0,6359
11,2605	0,6367
11,2679	0,6374
11,2748	0,6380
11,2813	0,6385
11,2872	0,6389
11,2926	0,6392
11,2975	0,6394
11,3019	0,6395
11,3059	0,6395
11,3095	0,6394
11,3126	0,6392
11,3155	0,6389
11,3181	0,6385
11,3205	0,6380
11,3227	0,6374
11,3249	0,6367
11,3272	0,6360
11,3295	0,6351
11,3319	0,6341
11,3346	0,6330
11,3376	0,6319
11,3410	0,6306
11,3448	0,6293
11,3491	0,6279
11,3540	0,6264
11,3594	0,6248
11,3654	0,6231
11,3721	0,6214
11,3794	0,6196
11,3874	0,6177
11,3960	0,6157
11,4052	0,6137
11,4151	0,6115
11,4256	0,6093
11,4366	0,6071
11,4480	0,6047
11,4600	0,6023
11,4723	0,5998
11,4849	0,5973
11,4978	0,5947
11,5109	0,5920
11,5241	0,5892
11,5373	0,5864
11,5505	0,5835
11,5636	0,5805
11,5765	0,5775
11,5891	0,5744
11,6014	0,5712
11,6134	0,5680
11,6249	0,5647
11,6359	0,5614
11,6463	0,5580
11,6562	0,5545
11,6654	0,5510
11,6740	0,5475
11,6819	0,5439
11,6891	0,5402
11,6955	0,5366
11,7013	0,5329
11,7063	0,5291
11,7105	0,5253
11,7141	0,5216
11,7169	0,5178
11,7191	0,5140
11,7207	0,5101
11,7216	0,5063
11,7220	0,5026
11,7219	0,4988
11,7213	0,4950
11,7203	0,4913
11,7190	0,4877
11,7174	0,4840
11,7156	0,4804
11,7136	0,4769
11,7116	0,4734
11,7096	0,4700
11,7077	0,4667
11,7060	0,4634
11,7045	0,4603
11,7033	0,4572
11,7025	0,4541
11,7021	0,4512
11,7022	0,4483
11,7030	0,4456
11,7043	0,4429
11,7063	0,4403
11,7090	0,4378
11,7125	0,4354
11,7168	0,4330
11,7219	0,4308
11,7277	0,4286
11,7345	0,4266
11,7420	0,4246
11,7503	0,4227
11,7594	0,4209
11,7693	0,4191
11,7798	0,4175
11,7910	0,4159
11,8028	0,4144
11,8151	0,4129
11,8279	0,4116
11,8411	0,4103
11,8546	0,4091
11,8682	0,4080
11,8820	0,4070
11,8959	0,4061
11,9096	0,4052
11,9233	0,4044
11,9366	0,4038
11,9497	0,4032
11,9623	0,4027
11,9745	0,4023
11,9861	0,4020
11,9971	0,4018
12,0074	0,4017
12,0170	0,4017
12,0259	0,4018
12,0340	0,4020
12,0413	0,4024
12,0478	0,4028
12,0536	0,4034
12,0585	0,4041
12,0627	0,4049
12,0662	0,4058
12,0690	0,4069
12,0712	0,4080
12,0728	0,4093
12,0739	0,4107
12,0745	0,4122
12,0748	0,4139
12,0748	0,4156
12,0745	0,4175
12,0741	0,4194
12,0736	0,4215
12,0731	0,4237
12,0727	0,4259
12,0725	0,4283
12,0725	0,4308
12,0729	0,4333
12,0736	0,4360
12,0748	0,4387
12,0765	0,4415
12,0788	0,4444
12,0817	0,4473
12,0853	0,4504
12,0896	0,4535
12,0946	0,4567
12,1003	0,4599
12,1069	0,4632
12,1142	0,4666
12,1223	0,4700
12,1312	0,4735
12,1408	0,4771
12,1511	0,4806
12,1621	0,4843
12,1738	0,4879
12,1860	0,4916
12,1988	0,4954
12,2120	0,4992
12,2256	0,5030
12,2396	0,5068
12,2537	0,5106
12,2680	0,5145
12,2823	0,5184
12,2966	0,5222
12,3107	0,5261
12,3246	0,5300
12,3381	0,5338
12,3513	0,5377
12,3639	0,5415
12,3759	0,5453
12,3873	0,5491
12,3980	0,5528
12,4078	0,5565
12,4168	0,5601
12,4249	0,5637
12,4320	0,5672
12,4382	0,5706
12,4434	0,5740
12,4475	0,5773
12,4507	0,5805
12,4529	0,5837
12,4542	0,5867
12,4545	0,5897
12,4538	0,5925
12,4524	0,5953
12,4501	0,5979
12,4471	0,6005
12,4434	0,6029
12,4391	0,6052
12,4344	0,6075
12,4292	0,6096
12,4236	0,6116
12,4178	0,6136
12,4119	0,6154
12,4059	0,6171
12,3999	0,6188
12,3940	0,6203
12,3884	0,6218
12,3831	0,6232
12,3782	0,6245
12,3737	0,6257
12,3698	0,6268
12,3666	0,6279
12,3640	0,6289
12,3621	0,6298
12,3611	0,6307
12,3608	0,6315
12,3615	0,6322
12,3630	0,6329
12,3655	0,6334
12,3689	0,6340
12,3732	0,6344
12,3785	0,6348
12,3846	0,6351
12,3917	0,6354
12,3996	0,6356
12,4084	0,6357
12,4179	0,6357
12,4282	0,6357
12,4391	0,6356
12,4506	0,6354
12,4627	0,6351
12,4752	0,6347
12,4881	0,6343
12,5013	0,6338
12,5147	0,6332
12,5282	0,6325
12,5418	0,6318
12,5553	0,6309
12,5687	0,6300
12,5819	0,6291
12,5947	0,6280
12,6072	0,6269
12,6193	0,6257
12,6308	0,6245
12,6417	0,6232
12,6520	0,6219
12,6616	0,6204
12,6705	0,6190
12,6786	0,6175
12,6860	0,6159
12,6926	0,6143
12,6985	0,6127
12,7036	0,6110
12,7079	0,6093
12,7115	0,6075
12,7145	0,6057
12,7168	0,6038
12,7186	0,6019
12,7199	0,5999
12,7207	0,5979
12,7212	0,5958
12,7214	0,5937
12,7214	0,5916
12,7212	0,5893
12,7211	0,5870
12,7209	0,5847
12,7209	0,5823
12,7211	0,5798
12,7216	0,5772
12,7224	0,5746
12,7236	0,5719
12,7252	0,5691
12,7273	0,5663
12,7299	0,5634
12,7330	0,5604
12,7367	0,5574
12,7410	0,5542
12,7458	0,5511
12,7511	0,5478
12,7570	0,5445
12,7633	0,5411
12,7700	0,5377
12,7772	0,5342
12,7847	0,5307
12,7926	0,5271
12,8006	0,5235
12,8089	0,5198
12,8173	0,5162
12,8257	0,5125
12,8342	0,5087
12,8427	0,5050
12,8510	0,5012
12,8592	0,4975
12,8672	0,4937
12,8750	0,4900
12,8826	0,4863
12,8898	0,4826
12,8968	0,4789
12,9034	0,4752
12,9098	0,4716
12,9157	0,4680
12,9214	0,4645
12,9268	0,4611
12,9318	0,4576
12,9366	0,4543
12,9411	0,4510
12,9454	0,4478
12,9495	0,4447
12,9534	0,4416
12,9572	0,4386
12,9609	0,4357
12,9645	0,4330
12,9681	0,4303
12,9717	0,4277
12,9753	0,4252
12,9790	0,4228
12,9828	0,4205
12,9867	0,4183
12,9906	0,4163
12,9947	0,4143
12,9990	0,4125
13,0033	0,4108
13,0078	0,4092
13,0125	0,4077
13,0172	0,4063
13,0221	0,4051
13,0270	0,4039
13,0321	0,4029
13,0371	0,4021
13,0423	0,4013
13,0474	0,4007
13,0526	0,4002
13,0577	0,3998
13,0628	0,3995
13,0679	0,3993
13,0729	0,3993
13,0779	0,3993
13,0828	0,3995
13,0876	0,3998
13,0924	0,4002
13,0972	0,4007
13,1018	0,4013
13,1065	0,4020
13,1112	0,4028
13,1158	0,4037
13,1205	0,4047
13,1253	0,4058
13,1302	0,4070
13,1351	0,4082
13,1402	0,4095
13,1455	0,4110
13,1509	0,4124
13,1566	0,4140
13,1625	0,4156
13,1686	0,4173
13,1750	0,4190
13,1816	0,4208
13,1885	0,4227
13,1957	0,4246
13,2031	0,4266
13,2108	0,4286
13,2188	0,4307
13,2269	0,4328
13,2353	0,4350
13,2439	0,4372
13,2526	0,4395
13,2614	0,4418
13,2703	0,4441
13,2793	0,4465
13,2883	0,4490
13,2972	0,4515
13,3060	0,4540
13,3148	0,4565
13,3233	0,4591
13,3316	0,4618
13,3397	0,4645
13,3476	0,4672
13,3550	0,4700
13,3622	0,4728
13,3690	0,4757
13,3753	0,4786
13,3813	0,4815
13,3868	0,4845
13,3919	0,4875
13,3966	0,4906
13,4009	0,4937
13,4047	0,4969
13,4082	0,5000
13,4113	0,5033
13,4141	0,5065
13,4166	0,5098
13,4189	0,5132
13,4210	0,5165
13,4229	0,5199
13,4248	0,5233
13,4266	0,5268
13,4285	0,5302
13,4305	0,5337
13,4326	0,5371
13,4349	0,5406
13,4374	0,5441
13,4403	0,5476
13,4435	0,5510
13,4470	0,5545
13,4510	0,5579
13,4554	0,5613
13,4602	0,5647
13,4655	0,5681
13,4711	0,5714
13,4773	0,5747
13,4838	0,5779
13,4906	0,5811
13,4978	0,5842
13,5053	0,5873
13,5130	0,5903
13,5209	0,5933
13,5289	0,5962
13,5369	0,5990
13,5450	0,6018
13,5530	0,6045
13,5609	0,6071
13,5685	0,6097
13,5760	0,6122
13,5831	0,6146
13,5899	0,6169
13,5963	0,6192
13,6023	0,6214
13,6078	0,6235
13,6130	0,6255
13,6176	0,6275
13,6218	0,6293
13,6256	0,6311
13,6289	0,6328
13,6318	0,6344
13,6345	0,6359
13,6368	0,6374
13,6388	0,6387
13,6407	0,6400
13,6424	0,6412
13,6441	0,6422
13,6457	0,6432
13,6475	0,6441
13,6494	0,6449
13,6515	0,6456
13,6539	0,6462
13,6566	0,6467
13,6597	0,6471
13,6633	0,6474
13,6673	0,6476
13,6718	0,6477
13,6769	0,6477
13,6825	0,6476
13,6887	0,6474
13,6954	0,6470
13,7026	0,6466
13,7104	0,6461
13,7185	0,6455
13,7272	0,6448
13,7361	0,6440
13,7454	0,6431
13,7549	0,6421
13,7646	0,6410
13,7745	0,6398
13,7843	0,6386
13,7941	0,6372
13,8038	0,6358
13,8133	0,6344
13,8225	0,6328
13,8314	0,6312
13,8399	0,6296
13,8480	0,6279
13,8557	0,6261
13,8628	0,6243
13,8694	0,6225
13,8754	0,6207
13,8809	0,6188
13,8858	0,6169
13,8901	0,6149
13,8940	0,6130
13,8973	0,6110
13,9001	0,6090
13,9025	0,6070
13,9046	0,6050
13,9063	0,6030
13,9077	0,6010
13,9090	0,5990
13,9101	0,5969
13,9111	0,5948
13,9121	0,5927
13,9132	0,5906
13,9144	0,5884
13,9159	0,5863
13,9176	0,5840
13,9196	0,5818
13,9220	0,5795
13,9248	0,5771
13,9280	0,5747
13,9318	0,5722
13,9361	0,5697
13,9409	0,5671
13,9462	0,5644
13,9522	0,5616
13,9586	0,5588
13,9656	0,5558
13,9731	0,5528
13,9812	0,5497
13,9896	0,5465
13,9985	0,5433
14,0078	0,5399
14,0174	0,5365
14,0272	0,5330
14,0373	0,5294
14,0475	0,5257
14,0579	0,5220
14,0683	0,5182
14,0787	0,5143
14,0890	0,5104
14,0992	0,5065
14,1092	0,5025
14,1190	0,4986
14,1285	0,4946
14,1377	0,4906
14,1465	0,4867
14,1550	0,4827
14,1631	0,4788
14,1708	0,4749
14,1780	0,4712
14,1848	0,4674
14,1912	0,4638
14,1972	0,4602
14,2027	0,4568
14,2078	0,4534
14,2125	0,4502
14,2169	0,4471
14,2209	0,4442
14,2246	0,4414
14,2280	0,4388
14,2312	0,4363
14,2342	0,4340
14,2370	0,4318
14,2397	0,4298
14,2422	0,4280
14,2447	0,4264
14,2472	0,4249
14,2497	0,4236
14,2523	0,4224
14,2549	0,4214
14,2577	0,4205
14,2606	0,4198
14,2637	0,4192
14,2669	0,4188
14,2704	0,4184
14,2741	0,4182
14,2780	0,4180
14,2822	0,4179
14,2867	0,4180
14,2914	0,4180
14,2963	0,4182
14,3016	0,4183
14,3070	0,4185
14,3127	0,4188
14,3186	0,4190
14,3248	0,4193
14,3311	0,4196
14,3376	0,4198
14,3442	0,4201
14,3510	0,4204
14,3579	0,4206
14,3648	0,4209
14,3719	0,4212
14,3789	0,4214
14,3860	0,4216
14,3930	0,4219
14,4001	0,4221
14,4070	0,4224
14,4139	0,4227
14,4207	0,4230
14,4274	0,4233
14,4339	0,4237
14,4403	0,4242
14,4466	0,4247
14,4526	0,4252
14,4585	0,4259
14,4642	0,4266
14,4696	0,4274
14,4749	0,4284
14,4799	0,4294
14,4848	0,4306
14,4894	0,4319
14,4937	0,4333
14,4979	0,4348
14,5018	0,4365
14,5056	0,4384
14,5091	0,4404
14,5125	0,4425
14,5156	0,4448
14,5187	0,4473
14,5215	0,4499
14,5243	0,4526
14,5269	0,4555
14,5295	0,4585
14,5320	0,4617
14,5345	0,4649
14,5370	0,4683
14,5396	0,4718
14,5422	0,4754
14,5450	0,4791
14,5479	0,4829
14,5511	0,4867
14,5544	0,4906
14,5580	0,4945
14,5619	0,4985
14,5661	0,5024
14,5707	0,5064
14,5756	0,5104
14,5809	0,5143
14,5867	0,5182
14,5928	0,5221
14,5994	0,5259
14,6064	0,5297
14,6139	0,5334
14,6217	0,5370
14,6299	0,5406
14,6385	0,5441
14,6475	0,5474
14,6567	0,5507
14,6663	0,5539
14,6760	0,5570
14,6860	0,5600
14,6961	0,5629
14,7063	0,5657
14,7165	0,5684
14,7268	0,5710
14,7370	0,5735
14,7471	0,5759
14,7570	0,5783
14,7667	0,5806
14,7762	0,5828
14,7854	0,5850
14,7943	0,5871
14,8028	0,5891
14,8109	0,5911
14,8186	0,5931
14,8259	0,5950
14,8327	0,5969
14,8390	0,5988
14,8449	0,6007
14,8503	0,6025
14,8553	0,6043
14,8598	0,6061
14,8639	0,6079
14,8676	0,6096
14,8709	0,6114
14,8739	0,6131
14,8765	0,6149
14,8788	0,6166
14,8809	0,6182
14,8828	0,6199
14,8846	0,6215
14,8862	0,6232
14,8877	0,6247
14,8891	0,6263
14,8906	0,6278
14,8921	0,6292
14,8937	0,6306
14,8954	0,6319
14,8972	0,6332
14,8992	0,6345
14,9014	0,6356
14,9037	0,6367
14,9064	0,6377
14,9092	0,6387
14,9123	0,6396
14,9156	0,6404
14,9192	0,6411
14,9231	0,6417
14,9271	0,6423
14,9314	0,6428
14,9359	0,6432
14,9406	0,6435
14,9454	0,6438
14,9504	0,6440
14,9555	0,6441
14,9607	0,6441
14,9659	0,6440
14,9712	0,6439
14,9764	0,6437
14,9817	0,6435
14,9869	0,6432
14,9921	0,6428
14,9971	0,6423
15,0021	0,6418
15,0070	0,6411
15,0118	0,6405
15,0165	0,6397
15,0211	0,6389
15,0255	0,6380
15,0299	0,6370
15,0342	0,6359
15,0385	0,6348
15,0427	0,6336
15,0469	0,6323
15,0512	0,6310
15,0555	0,6295
15,0599	0,6280
15,0644	0,6264
15,0690	0,6247
15,0738	0,6230
15,0788	0,6212
15,0840	0,6193
15,0895	0,6173
15,0953	0,6153
15,1013	0,6132
15,1077	0,6110
15,1144	0,6088
15,1213	0,6065
15,1286	0,6042
15,1362	0,6018
15,1441	0,5994
15,1523	0,5969
15,1607	0,5944
15,1694	0,5919
15,1783	0,5893
15,1873	0,5867
15,1965	0,5841
15,2058	0,5815
15,2151	0,5789
15,2245	0,5762
15,2338	0,5736
15,2431	0,5709
15,2522	0,5683
15,2612	0,5656
15,2700	0,5630
15,2786	0,5603
15,2869	0,5576
15,2949	0,5550
15,3026	0,5523
15,3099	0,5497
15,3168	0,5470
15,3234	0,5443
15,3295	0,5417
15,3352	0,5390
15,3404	0,5363
15,3452	0,5336
15,3496	0,5309
15,3535	0,5282
15,3571	0,5254
15,3601	0,5227
15,3628	0,5199
15,3651	0,5171
15,3671	0,5143
15,3687	0,5115
15,3700	0,5086
15,3711	0,5057
15,3719	0,5029
15,3726	0,5000
15,3731	0,4970
15,3735	0,4941
15,3738	0,4912
15,3741	0,4883
15,3744	0,4853
15,3748	0,4824
15,3753	0,4795
15,3760	0,4766
15,3768	0,4737
15,3780	0,4709
15,3793	0,4681
15,3810	0,4653
15,3830	0,4625
15,3854	0,4598
15,3882	0,4572
15,3913	0,4546
15,3949	0,4520
15,3988	0,4495
15,4032	0,4470
15,4079	0,4446
15,4130	0,4423
15,4185	0,4400
15,4243	0,4378
15,4304	0,4357
