-0,2808	0,5748
-0,2739	0,5787
-0,2672	0,5825
-0,2606	0,5860
-0,2541	0,5895
-0,2479	0,5928
-0,2418	0,5959
-0,2359	0,5990
-0,2302	0,6019
-0,2247	0,6047
-0,2193	0,6073
-0,2140	0,6099
-0,2088	0,6123
-0,2037	0,6146
-0,1985	0,6169
-0,1933	0,6190
-0,1879	0,6210
-0,1824	0,6229
-0,1766	0,6247
-0,1705	0,6264
-0,1640	0,6280
-0,1571	0,6295
-0,1497	0,6309
-0,1418	0,6321
-0,1333	0,6332
-0,1243	0,6341
-0,1146	0,6349
-0,1043	0,6355
-0,0933	0,6360
-0,0817	0,6363
-0,0696	0,6364
-0,0568	0,6363
-0,0435	0,6360
-0,0297	0,6355
-0,0155	0,6348
-0,0009	0,6339
0,0140	0,6327
0,0290	0,6313
0,0442	0,6297
0,0594	0,6279
0,0744	0,6258
0,0893	0,6234
0,1039	0,6209
0,1180	0,6181
0,1317	0,6150
0,1448	0,6118
0,1571	0,6084
0,1688	0,6047
0,1795	0,6009
0,1894	0,5968
0,1984	0,5926
0,2064	0,5883
0,2133	0,5838
0,2193	0,5792
0,2242	0,5744
0,2281	0,5696
0,2311	0,5647
0,2332	0,5597
0,2344	0,5546
0,2348	0,5495
0,2345	0,5444
0,2336	0,5393
0,2321	0,5341
0,2302	0,5290
0,2281	0,5239
0,2257	0,5188
0,2233	0,5138
0,2209	0,5088
0,2187	0,5039
0,2168	0,4990
0,2153	0,4943
0,2142	0,4896
0,2138	0,4849
0,2141	0,4804
0,2151	0,4760
0,2169	0,4716
0,2197	0,4674
0,2233	0,4632
0,2279	0,4591
0,2335	0,4552
0,2399	0,4513
0,2474	0,4475
0,2557	0,4438
0,2648	0,4402
0,2747	0,4367
0,2854	0,4333
0,2966	0,4299
0,3084	0,4267
0,3206	0,4235
0,3332	0,4204
0,3459	0,4174
0,3588	0,4145
0,3717	0,4117
0,3844	0,4090
0,3969	0,4064
0,4092	0,4038
0,4210	0,4014
0,4323	0,3991
0,4430	0,3969
0,4532	0,3948
0,4627	0,3929
0,4715	0,3911
0,4796	0,3894
0,4870	0,3879
0,4937	0,3866
0,4997	0,3854
0,5051	0,3844
0,5099	0,3836
0,5142	0,3830
0,5180	0,3827
0,5214	0,3825
0,5244	0,3826
0,5273	0,3829
0,5299	0,3834
0,5325	0,3842
0,5351	0,3852
0,5377	0,3865
0,5405	0,3881
0,5434	0,3899
0,5466	0,3919
0,5501	0,3943
0,5540	0,3968
0,5581	0,3997
0,5627	0,4027
0,5676	0,4061
0,5728	0,4096
0,5785	0,4134
0,5844	0,4174
0,5907	0,4216
0,5972	0,4260
0,6040	0,4305
0,6109	0,4353
0,6180	0,4402
0,6251	0,4452
0,6323	0,4504
0,6394	0,4556
0,6465	0,4610
0,6535	0,4665
0,6602	0,4720
0,6668	0,4775
0,6732	0,4831
0,6793	0,4888
0,6851	0,4944
0,6907	0,5000
0,6960	0,5056
0,7010	0,5112
0,7058	0,5168
0,7103	0,5223
0,7147	0,5277
0,7189	0,5331
0,7230	0,5384
0,7270	0,5436
0,7311	0,5487
0,7352	0,5537
0,7394	0,5586
0,7439	0,5634
0,7486	0,5681
0,7536	0,5727
0,7590	0,5771
0,7649	0,5814
0,7712	0,5855
0,7781	0,5895
0,7856	0,5934
0,7936	0,5971
0,8023	0,6006
0,8116	0,6040
0,8215	0,6072
0,8320	0,6102
0,8431	0,6131
0,8548	0,6157
0,8670	0,6182
0,8797	0,6205
0,8928	0,6226
0,9063	0,6245
0,9200	0,6261
0,9340	0,6276
0,9481	0,6289
0,9622	0,6300
0,9764	0,6308
0,9905	0,6315
1,0045	0,6320
1,0182	0,6322
1,0317	0,6323
1,0448	0,6322
1,0576	0,6319
1,0700	0,6314
1,0819	0,6307
1,0934	0,6298
1,1044	0,6288
1,1148	0,6276
1,1248	0,6263
1,1343	0,6248
1,1433	0,6231
1,1518	0,6213
1,1599	0,6194
1,1675	0,6174
1,1748	0,6152
1,1816	0,6130
1,1881	0,6106
1,1944	0,6082
1,2003	0,6056
1,2061	0,6030
1,2116	0,6003
1,2170	0,5975
1,2223	0,5946
1,2276	0,5917
1,2328	0,5888
1,2381	0,5857
1,2434	0,5827
1,2488	0,5796
1,2543	0,5764
1,2599	0,5732
1,2658	0,5699
1,2719	0,5666
1,2782	0,5633
1,2848	0,5599
1,2917	0,5565
1,2989	0,5530
1,3064	0,5494
1,3143	0,5458
1,3224	0,5422
1,3308	0,5384
1,3396	0,5347
1,3486	0,5308
1,3579	0,5268
1,3674	0,5228
1,3771	0,5187
1,3870	0,5145
1,3970	0,5102
1,4071	0,5059
1,4172	0,5014
1,4272	0,4969
1,4372	0,4923
1,4470	0,4876
1,4566	0,4828
1,4660	0,4780
1,4750	0,4731
1,4837	0,4681
1,4919	0,4632
1,4997	0,4582
1,5071	0,4532
1,5138	0,4482
1,5201	0,4433
1,5258	0,4384
1,5309	0,4336
1,5354	0,4289
1,5394	0,4243
1,5428	0,4199
1,5457	0,4155
1,5480	0,4114
1,5499	0,4074
1,5512	0,4037
1,5522	0,4002
1,5528	0,3969
1,5530	0,3939
1,5529	0,3911
1,5526	0,3886
1,5520	0,3864
1,5513	0,3845
1,5504	0,3828
1,5494	0,3815
1,5483	0,3805
1,5472	0,3797
1,5461	0,3792
1,5449	0,3790
1,5439	0,3791
1,5428	0,3795
1,5419	0,3801
1,5410	0,3809
1,5402	0,3820
1,5396	0,3834
1,5391	0,3849
1,5387	0,3866
1,5384	0,3886
1,5383	0,3907
1,5384	0,3930
1,5387	0,3955
1,5391	0,3981
1,5398	0,4008
1,5407	0,4037
1,5418	0,4067
1,5432	0,4099
1,5449	0,4132
1,5468	0,4165
1,5491	0,4200
1,5517	0,4236
1,5546	0,4273
1,5580	0,4311
1,5616	0,4350
1,5657	0,4390
1,5702	0,4431
1,5750	0,4473
1,5803	0,4516
1,5860	0,4560
1,5921	0,4605
1,5986	0,4651
1,6055	0,4698
1,6127	0,4746
1,6204	0,4794
1,6284	0,4844
1,6368	0,4894
1,6455	0,4945
1,6545	0,4997
1,6637	0,5049
1,6733	0,5102
1,6831	0,5156
1,6932	0,5210
1,7035	0,5264
1,7139	0,5318
1,7246	0,5372
1,7354	0,5427
1,7464	0,5481
1,7576	0,5534
1,7688	0,5588
1,7802	0,5640
1,7918	0,5692
1,8034	0,5743
1,8151	0,5793
1,8270	0,5841
1,8389	0,5889
1,8509	0,5934
1,8630	0,5978
1,8751	0,6021
1,8873	0,6061
1,8995	0,6100
1,9118	0,6136
1,9241	0,6170
1,9363	0,6202
1,9485	0,6232
1,9606	0,6259
1,9726	0,6284
1,9844	0,6306
1,9961	0,6326
2,0075	0,6344
2,0187	0,6359
2,0295	0,6371
2,0400	0,6381
2,0501	0,6389
2,0597	0,6395
2,0689	0,6398
2,0775	0,6399
2,0855	0,6398
2,0929	0,6394
2,0997	0,6389
2,1059	0,6382
2,1114	0,6373
2,1163	0,6362
2,1204	0,6350
2,1240	0,6336
2,1269	0,6320
2,1292	0,6304
2,1309	0,6286
2,1321	0,6267
2,1328	0,6246
2,1332	0,6225
2,1332	0,6203
2,1330	0,6180
2,1326	0,6156
2,1322	0,6132
2,1318	0,6107
2,1316	0,6081
2,1316	0,6055
2,1320	0,6028
2,1328	0,6001
2,1342	0,5974
2,1363	0,5946
2,1391	0,5918
2,1427	0,5889
2,1472	0,5860
2,1527	0,5830
2,1593	0,5800
2,1669	0,5769
2,1756	0,5738
2,1854	0,5706
2,1963	0,5674
2,2083	0,5641
2,2213	0,5607
2,2354	0,5573
2,2504	0,5537
2,2662	0,5501
2,2829	0,5463
2,3002	0,5425
2,3182	0,5386
2,3366	0,5345
2,3553	0,5304
2,3742	0,5261
2,3933	0,5217
2,4123	0,5172
2,4310	0,5126
2,4495	0,5079
2,4676	0,5030
2,4850	0,4981
2,5018	0,4931
2,5179	0,4880
2,5330	0,4828
2,5472	0,4775
2,5605	0,4722
2,5726	0,4669
2,5837	0,4616
2,5937	0,4562
2,6025	0,4509
2,6103	0,4456
2,6170	0,4404
2,6227	0,4352
2,6275	0,4302
2,6313	0,4253
2,6344	0,4205
2,6368	0,4159
2,6386	0,4114
2,6399	0,4072
2,6408	0,4032
2,6414	0,3994
2,6419	0,3958
2,6423	0,3926
2,6428	0,3896
2,6435	0,3869
2,6444	0,3845
2,6457	0,3824
2,6474	0,3806
2,6495	0,3791
2,6522	0,3780
2,6555	0,3771
2,6594	0,3766
2,6638	0,3763
2,6689	0,3764
2,6746	0,3767
2,6809	0,3773
2,6877	0,3782
2,6950	0,3793
2,7028	0,3807
2,7109	0,3823
2,7194	0,3841
2,7281	0,3861
2,7369	0,3883
2,7459	0,3906
2,7548	0,3931
2,7637	0,3957
2,7725	0,3985
2,7810	0,4013
2,7893	0,4042
2,7971	0,4073
2,8046	0,4104
2,8117	0,4135
2,8182	0,4168
2,8243	0,4201
2,8298	0,4234
2,8348	0,4267
2,8392	0,4302
2,8432	0,4336
2,8466	0,4371
2,8496	0,4406
2,8522	0,4442
2,8544	0,4479
2,8563	0,4515
2,8580	0,4553
2,8595	0,4590
2,8610	0,4629
2,8624	0,4668
2,8638	0,4707
2,8654	0,4748
2,8672	0,4788
2,8692	0,4830
2,8716	0,4872
2,8743	0,4915
2,8775	0,4958
2,8812	0,5002
2,8854	0,5046
2,8901	0,5091
2,8954	0,5136
2,9013	0,5182
2,9077	0,5228
2,9147	0,5274
2,9222	0,5320
2,9302	0,5366
2,9386	0,5412
2,9475	0,5458
2,9567	0,5504
2,9662	0,5549
2,9760	0,5594
2,9858	0,5638
2,9958	0,5681
3,0058	0,5723
3,0156	0,5765
3,0253	0,5805
3,0348	0,5844
3,0439	0,5882
3,0526	0,5919
3,0608	0,5954
3,0685	0,5988
3,0756	0,6021
3,0821	0,6051
3,0878	0,6081
3,0929	0,6108
3,0971	0,6134
3,1006	0,6158
3,1034	0,6180
3,1053	0,6201
3,1066	0,6220
3,1071	0,6237
3,1070	0,6252
3,1063	0,6266
3,1051	0,6279
3,1035	0,6289
3,1015	0,6298
3,0993	0,6305
3,0970	0,6311
3,0946	0,6316
3,0924	0,6319
3,0904	0,6320
3,0888	0,6321
3,0877	0,6319
3,0872	0,6317
3,0874	0,6313
3,0885	0,6307
3,0905	0,6301
3,0935	0,6293
3,0976	0,6283
3,1029	0,6272
3,1094	0,6260
3,1171	0,6247
3,1260	0,6232
3,1361	0,6215
3,1474	0,6197
3,1598	0,6178
3,1732	0,6157
3,1876	0,6135
3,2028	0,6111
3,2188	0,6086
3,2354	0,6059
3,2524	0,6031
3,2697	0,6002
3,2871	0,5971
3,3045	0,5939
3,3217	0,5905
3,3386	0,5871
3,3549	0,5835
3,3706	0,5798
3,3855	0,5760
3,3995	0,5721
3,4125	0,5682
3,4243	0,5641
3,4350	0,5600
3,4444	0,5559
3,4525	0,5516
3,4594	0,5474
3,4649	0,5431
3,4692	0,5388
3,4723	0,5345
3,4742	0,5301
3,4751	0,5258
3,4750	0,5215
3,4740	0,5171
3,4723	0,5129
3,4700	0,5086
3,4673	0,5043
3,4642	0,5001
3,4610	0,4960
3,4578	0,4919
3,4548	0,4878
3,4520	0,4838
3,4497	0,4798
3,4480	0,4759
3,4469	0,4721
3,4467	0,4683
3,4473	0,4646
3,4489	0,4610
3,4516	0,4575
3,4553	0,4540
3,4602	0,4506
3,4663	0,4473
3,4734	0,4441
3,4818	0,4409
3,4912	0,4379
3,5017	0,4350
3,5133	0,4321
3,5257	0,4294
3,5391	0,4268
3,5532	0,4242
3,5680	0,4218
3,5834	0,4195
3,5992	0,4174
3,6154	0,4153
3,6319	0,4134
3,6485	0,4117
3,6651	0,4100
3,6817	0,4086
3,6981	0,4072
3,7142	0,4060
3,7300	0,4050
3,7452	0,4041
3,7600	0,4034
3,7742	0,4029
3,7878	0,4025
3,8006	0,4023
3,8128	0,4023
3,8242	0,4025
3,8348	0,4028
3,8446	0,4033
3,8537	0,4040
3,8620	0,4049
3,8695	0,4059
3,8763	0,4072
3,8824	0,4086
3,8879	0,4102
3,8927	0,4120
3,8969	0,4139
3,9005	0,4161
3,9037	0,4184
3,9064	0,4208
3,9087	0,4234
3,9106	0,4262
3,9122	0,4291
3,9136	0,4322
3,9147	0,4354
3,9157	0,4387
3,9166	0,4421
3,9173	0,4457
3,9180	0,4493
3,9187	0,4531
3,9194	0,4570
3,9202	0,4609
3,9210	0,4650
3,9219	0,4691
3,9229	0,4733
3,9240	0,4775
3,9253	0,4818
3,9268	0,4862
3,9284	0,4905
3,9302	0,4950
3,9321	0,4994
3,9343	0,5038
3,9366	0,5083
3,9390	0,5128
3,9416	0,5172
3,9444	0,5217
3,9473	0,5261
3,9503	0,5305
3,9534	0,5349
3,9566	0,5392
3,9599	0,5435
3,9633	0,5477
3,9667	0,5519
3,9701	0,5560
3,9736	0,5600
3,9772	0,5639
3,9807	0,5677
3,9843	0,5715
3,9878	0,5751
3,9914	0,5787
3,9951	0,5821
3,9987	0,5854
4,0024	0,5886
4,0062	0,5917
4,0101	0,5946
4,0140	0,5974
4,0181	0,6001
4,0224	0,6027
4,0269	0,6051
4,0316	0,6073
4,0366	0,6095
4,0419	0,6115
4,0476	0,6134
4,0536	0,6151
4,0601	0,6167
4,0670	0,6182
4,0744	0,6196
4,0824	0,6208
4,0908	0,6219
4,0999	0,6229
4,1095	0,6238
4,1196	0,6246
4,1304	0,6253
4,1417	0,6259
4,1536	0,6265
4,1660	0,6269
4,1789	0,6272
4,1923	0,6275
4,2061	0,6277
4,2202	0,6278
4,2346	0,6278
4,2492	0,6278
4,2640	0,6276
4,2788	0,6274
4,2936	0,6271
4,3083	0,6268
4,3228	0,6264
4,3370	0,6258
4,3508	0,6252
4,3641	0,6245
4,3769	0,6237
4,3891	0,6228
4,4006	0,6218
4,4113	0,6207
4,4212	0,6194
4,4303	0,6180
4,4384	0,6166
4,4457	0,6149
4,4520	0,6132
4,4574	0,6113
4,4619	0,6092
4,4654	0,6071
4,4682	0,6047
4,4701	0,6022
4,4713	0,5996
4,4717	0,5968
4,4716	0,5939
4,4710	0,5908
4,4699	0,5876
4,4685	0,5843
4,4669	0,5808
4,4651	0,5771
4,4633	0,5734
4,4617	0,5695
4,4602	0,5655
4,4590	0,5614
4,4582	0,5572
4,4579	0,5529
4,4581	0,5486
4,4590	0,5441
4,4606	0,5396
4,4630	0,5350
4,4662	0,5303
4,4701	0,5256
4,4750	0,5208
4,4806	0,5160
4,4871	0,5112
4,4944	0,5063
4,5024	0,5015
4,5112	0,4966
4,5205	0,4917
4,5304	0,4869
4,5408	0,4820
4,5515	0,4772
4,5625	0,4724
4,5737	0,4676
4,5849	0,4629
4,5961	0,4582
4,6071	0,4536
4,6178	0,4491
4,6282	0,4447
4,6382	0,4403
4,6477	0,4361
4,6565	0,4320
4,6647	0,4280
4,6722	0,4242
4,6790	0,4205
4,6850	0,4170
4,6903	0,4137
4,6948	0,4105
4,6985	0,4076
4,7015	0,4048
4,7039	0,4023
4,7056	0,4000
4,7067	0,3979
4,7074	0,3961
4,7076	0,3945
4,7075	0,3932
4,7071	0,3921
4,7066	0,3913
4,7060	0,3907
4,7054	0,3905
4,7049	0,3904
4,7045	0,3907
4,7045	0,3912
4,7048	0,3919
4,7055	0,3929
4,7068	0,3941
4,7085	0,3956
4,7109	0,3973
4,7139	0,3992
4,7177	0,4014
4,7221	0,4037
4,7273	0,4062
4,7332	0,4089
4,7400	0,4117
4,7475	0,4147
4,7557	0,4178
4,7647	0,4210
4,7745	0,4243
4,7849	0,4278
4,7960	0,4313
4,8078	0,4349
4,8201	0,4385
4,8330	0,4422
4,8464	0,4459
4,8602	0,4496
4,8743	0,4533
4,8888	0,4571
4,9036	0,4609
4,9185	0,4646
4,9336	0,4684
4,9487	0,4721
4,9638	0,4758
4,9788	0,4795
4,9938	0,4832
5,0085	0,4869
5,0229	0,4905
5,0371	0,4942
5,0509	0,4978
5,0642	0,5014
5,0772	0,5050
5,0896	0,5086
5,1015	0,5121
5,1128	0,5157
5,1235	0,5193
5,1337	0,5229
5,1432	0,5264
5,1521	0,5300
5,1605	0,5336
5,1682	0,5372
5,1753	0,5408
5,1819	0,5444
5,1880	0,5480
5,1936	0,5516
5,1987	0,5552
5,2035	0,5588
5,2079	0,5624
5,2120	0,5661
5,2158	0,5696
5,2195	0,5732
5,2231	0,5768
5,2266	0,5803
5,2301	0,5838
5,2337	0,5872
5,2373	0,5906
5,2411	0,5939
5,2451	0,5971
5,2493	0,6003
5,2538	0,6033
5,2585	0,6063
5,2635	0,6091
5,2688	0,6119
5,2744	0,6145
5,2803	0,6170
5,2865	0,6193
5,2929	0,6215
5,2995	0,6235
5,3063	0,6254
5,3133	0,6271
5,3203	0,6287
5,3274	0,6300
5,3345	0,6313
5,3415	0,6323
5,3484	0,6332
5,3552	0,6338
5,3617	0,6344
5,3679	0,6347
5,3739	0,6349
5,3794	0,6349
5,3846	0,6348
5,3893	0,6345
5,3936	0,6341
5,3974	0,6335
5,4007	0,6328
5,4035	0,6320
5,4059	0,6310
5,4079	0,6299
5,4095	0,6286
5,4107	0,6273
5,4115	0,6259
5,4122	0,6243
5,4126	0,6226
5,4129	0,6209
5,4131	0,6190
5,4134	0,6171
5,4138	0,6150
5,4144	0,6129
5,4153	0,6106
5,4165	0,6083
5,4181	0,6059
5,4203	0,6034
5,4230	0,6008
5,4264	0,5982
5,4304	0,5954
5,4352	0,5926
5,4407	0,5896
5,4469	0,5866
5,4540	0,5835
5,4618	0,5803
5,4703	0,5770
5,4796	0,5736
5,4895	0,5702
5,5000	0,5666
5,5112	0,5630
5,5228	0,5592
5,5348	0,5554
5,5471	0,5515
5,5597	0,5475
5,5725	0,5434
5,5853	0,5393
5,5980	0,5351
5,6106	0,5308
5,6230	0,5264
5,6351	0,5220
5,6467	0,5175
5,6579	0,5130
5,6686	0,5085
5,6786	0,5039
5,6880	0,4993
5,6967	0,4947
5,7047	0,4901
5,7120	0,4855
5,7186	0,4809
5,7244	0,4763
5,7296	0,4718
5,7341	0,4673
5,7379	0,4629
5,7412	0,4586
5,7439	0,4543
5,7462	0,4501
5,7482	0,4460
5,7497	0,4420
5,7511	0,4382
5,7522	0,4344
5,7533	0,4308
5,7544	0,4274
5,7555	0,4241
5,7567	0,4209
5,7581	0,4179
5,7598	0,4150
5,7618	0,4124
5,7641	0,4098
5,7668	0,4075
5,7700	0,4053
5,7736	0,4033
5,7778	0,4015
5,7824	0,3999
5,7875	0,3984
5,7932	0,3971
5,7994	0,3959
5,8061	0,3950
5,8133	0,3942
5,8209	0,3935
5,8290	0,3931
5,8375	0,3927
5,8464	0,3926
5,8556	0,3926
5,8652	0,3927
5,8750	0,3930
5,8851	0,3935
5,8953	0,3941
5,9057	0,3948
5,9162	0,3957
5,9267	0,3967
5,9373	0,3979
5,9478	0,3992
5,9583	0,4007
5,9687	0,4023
5,9790	0,4041
5,9891	0,4060
5,9991	0,4080
6,0088	0,4102
6,0183	0,4125
6,0275	0,4150
6,0364	0,4176
6,0451	0,4204
6,0534	0,4232
6,0613	0,4263
6,0689	0,4294
6,0762	0,4327
6,0831	0,4361
6,0896	0,4396
6,0957	0,4432
6,1014	0,4469
6,1067	0,4508
6,1116	0,4547
6,1161	0,4586
6,1202	0,4627
6,1239	0,4668
6,1273	0,4710
6,1303	0,4752
6,1330	0,4794
6,1354	0,4836
6,1375	0,4879
6,1393	0,4922
6,1409	0,4965
6,1422	0,5008
6,1435	0,5050
6,1446	0,5093
6,1456	0,5135
6,1467	0,5176
6,1477	0,5218
6,1488	0,5259
6,1500	0,5300
6,1514	0,5340
6,1531	0,5379
6,1550	0,5419
6,1572	0,5457
6,1598	0,5495
6,1628	0,5533
6,1662	0,5570
6,1702	0,5606
6,1746	0,5642
6,1795	0,5678
6,1850	0,5712
6,1910	0,5747
6,1976	0,5780
6,2048	0,5813
6,2124	0,5845
6,2206	0,5877
6,2293	0,5908
6,2384	0,5938
6,2480	0,5968
6,2579	0,5997
6,2681	0,6025
6,2786	0,6052
6,2894	0,6078
6,3003	0,6104
6,3112	0,6128
6,3222	0,6152
6,3332	0,6174
6,3441	0,6196
6,3549	0,6216
6,3654	0,6235
6,3757	0,6253
6,3857	0,6270
6,3954	0,6285
6,4046	0,6299
6,4135	0,6312
6,4219	0,6323
6,4299	0,6333
6,4375	0,6342
6,4446	0,6349
6,4512	0,6354
6,4575	0,6358
6,4633	0,6361
6,4687	0,6362
6,4738	0,6361
6,4786	0,6359
6,4831	0,6355
6,4874	0,6350
6,4916	0,6343
6,4957	0,6335
6,4997	0,6325
6,5038	0,6313
6,5079	0,6300
6,5122	0,6286
6,5166	0,6270
6,5213	0,6253
6,5263	0,6235
6,5316	0,6215
6,5372	0,6194
6,5433	0,6173
6,5498	0,6150
6,5568	0,6126
6,5642	0,6101
6,5721	0,6076
6,5805	0,6050
6,5893	0,6023
6,5985	0,5996
6,6082	0,5968
6,6182	0,5939
6,6285	0,5910
6,6391	0,5881
6,6499	0,5852
6,6609	0,5822
6,6721	0,5792
6,6832	0,5762
6,6943	0,5732
6,7053	0,5701
6,7162	0,5670
6,7268	0,5639
6,7371	0,5607
6,7470	0,5576
6,7565	0,5544
6,7656	0,5511
6,7740	0,5478
6,7819	0,5445
6,7892	0,5411
6,7959	0,5377
6,8018	0,5342
6,8071	0,5306
6,8118	0,5269
6,8157	0,5232
6,8191	0,5194
6,8218	0,5155
6,8239	0,5116
6,8254	0,5075
6,8265	0,5034
6,8271	0,4992
6,8273	0,4950
6,8273	0,4906
6,8269	0,4862
6,8264	0,4818
6,8257	0,4773
6,8251	0,4728
6,8244	0,4683
6,8239	0,4637
6,8235	0,4592
6,8233	0,4547
6,8234	0,4502
6,8239	0,4458
6,8248	0,4414
6,8261	0,4372
6,8279	0,4330
6,8302	0,4290
6,8330	0,4251
6,8363	0,4214
6,8403	0,4178
6,8448	0,4144
6,8498	0,4112
6,8555	0,4082
6,8616	0,4055
6,8684	0,4029
6,8756	0,4006
6,8832	0,3985
6,8914	0,3966
6,8999	0,3950
6,9089	0,3937
6,9181	0,3925
6,9277	0,3916
6,9375	0,3909
6,9476	0,3905
6,9578	0,3902
6,9681	0,3902
6,9786	0,3903
6,9891	0,3907
6,9996	0,3912
7,0101	0,3919
7,0206	0,3927
7,0309	0,3937
7,0412	0,3948
7,0513	0,3960
7,0613	0,3974
7,0711	0,3988
7,0808	0,4004
7,0902	0,4020
7,0994	0,4037
7,1085	0,4055
7,1172	0,4073
7,1258	0,4093
7,1342	0,4112
7,1423	0,4133
7,1502	0,4154
7,1580	0,4176
7,1655	0,4198
7,1729	0,4221
7,1801	0,4245
7,1871	0,4269
7,1941	0,4295
7,2009	0,4321
7,2076	0,4348
7,2143	0,4375
7,2209	0,4404
7,2275	0,4434
7,2341	0,4464
7,2406	0,4496
7,2472	0,4528
7,2539	0,4562
7,2606	0,4596
7,2674	0,4631
7,2742	0,4668
7,2812	0,4705
7,2882	0,4743
7,2953	0,4782
7,3025	0,4821
7,3098	0,4861
7,3171	0,4902
7,3245	0,4943
7,3320	0,4984
7,3395	0,5026
7,3470	0,5068
7,3545	0,5109
7,3620	0,5151
7,3694	0,5192
7,3768	0,5234
7,3841	0,5274
7,3913	0,5314
7,3985	0,5354
7,4055	0,5393
7,4124	0,5431
7,4192	0,5468
7,4259	0,5505
7,4325	0,5540
7,4390	0,5574
7,4454	0,5607
7,4517	0,5640
7,4580	0,5670
7,4642	0,5700
7,4704	0,5729
7,4767	0,5756
7,4830	0,5783
7,4893	0,5808
7,4958	0,5832
7,5023	0,5854
7,5091	0,5876
7,5160	0,5896
7,5231	0,5916
7,5304	0,5934
7,5379	0,5951
7,5456	0,5967
7,5536	0,5982
7,5618	0,5997
7,5703	0,6010
7,5789	0,6022
7,5878	0,6033
7,5968	0,6043
7,6060	0,6052
7,6153	0,6061
7,6247	0,6068
7,6341	0,6075
7,6435	0,6081
7,6530	0,6086
7,6623	0,6090
7,6715	0,6093
7,6805	0,6095
7,6894	0,6097
7,6979	0,6098
7,7062	0,6098
7,7142	0,6097
7,7218	0,6095
7,7290	0,6093
7,7359	0,6090
7,7422	0,6086
7,7482	0,6081
7,7536	0,6075
7,7586	0,6068
7,7632	0,6061
7,7672	0,6053
7,7708	0,6043
7,7740	0,6033
7,7767	0,6023
7,7790	0,6011
7,7808	0,5998
7,7823	0,5985
7,7835	0,5970
7,7843	0,5955
7,7848	0,5939
7,7850	0,5922
7,7850	0,5903
7,7848	0,5884
7,7843	0,5864
7,7838	0,5843
7,7831	0,5822
7,7823	0,5799
7,7815	0,5775
7,7806	0,5750
7,7797	0,5724
7,7789	0,5698
7,7782	0,5670
7,7775	0,5641
7,7770	0,5612
7,7767	0,5581
7,7765	0,5550
7,7765	0,5517
7,7768	0,5484
7,7774	0,5450
7,7783	0,5415
7,7794	0,5379
7,7810	0,5342
7,7828	0,5305
7,7851	0,5267
7,7877	0,5228
7,7908	0,5189
7,7943	0,5149
7,7982	0,5108
7,8025	0,5067
7,8073	0,5026
7,8125	0,4984
7,8181	0,4942
7,8242	0,4900
7,8307	0,4857
7,8375	0,4815
7,8448	0,4773
7,8525	0,4731
7,8605	0,4689
7,8689	0,4647
7,8776	0,4606
7,8866	0,4566
7,8959	0,4526
7,9055	0,4486
7,9153	0,4448
7,9253	0,4410
7,9355	0,4374
7,9460	0,4339
7,9565	0,4304
7,9673	0,4271
7,9781	0,4239
7,9890	0,4209
8,0000	0,4180
8,0111	0,4153
8,0222	0,4126
8,0333	0,4102
8,0445	0,4079
8,0556	0,4057
8,0667	0,4038
8,0777	0,4019
8,0887	0,4003
8,0996	0,3987
8,1104	0,3974
8,1210	0,3962
8,1316	0,3951
8,1419	0,3942
8,1521	0,3934
8,1621	0,3928
8,1720	0,3923
8,1815	0,3920
8,1909	0,3917
8,2000	0,3916
8,2088	0,3917
8,2174	0,3918
8,2256	0,3921
8,2336	0,3925
8,2413	0,3930
8,2487	0,3936
8,2558	0,3943
8,2625	0,3952
8,2690	0,3962
8,2752	0,3972
8,2810	0,3984
8,2866	0,3997
8,2920	0,4011
8,2970	0,4026
8,3018	0,4043
8,3064	0,4060
8,3107	0,4078
8,3148	0,4098
8,3187	0,4119
8,3225	0,4140
8,3260	0,4163
8,3295	0,4187
8,3328	0,4212
8,3359	0,4238
8,3390	0,4265
8,3420	0,4293
8,3449	0,4321
8,3477	0,4351
8,3505	0,4381
8,3532	0,4413
8,3559	0,4445
8,3585	0,4477
8,3612	0,4511
8,3638	0,4545
8,3664	0,4579
8,3691	0,4614
8,3717	0,4649
8,3743	0,4685
8,3770	0,4721
8,3797	0,4757
8,3824	0,4793
8,3851	0,4829
8,3880	0,4866
8,3908	0,4903
8,3938	0,4939
8,3969	0,4976
8,4000	0,5012
8,4033	0,5049
8,4067	0,5085
8,4103	0,5121
8,4141	0,5158
8,4181	0,5193
8,4224	0,5229
8,4269	0,5265
8,4317	0,5300
8,4367	0,5335
8,4421	0,5370
8,4479	0,5405
8,4540	0,5439
8,4605	0,5473
8,4674	0,5507
8,4747	0,5540
8,4824	0,5573
8,4905	0,5606
8,4990	0,5638
8,5079	0,5670
8,5171	0,5702
8,5268	0,5733
8,5367	0,5763
8,5470	0,5793
8,5576	0,5822
8,5683	0,5851
8,5793	0,5879
8,5904	0,5906
8,6016	0,5933
8,6129	0,5958
8,6242	0,5983
8,6354	0,6007
8,6465	0,6030
8,6574	0,6052
8,6682	0,6073
8,6787	0,6093
8,6889	0,6113
8,6988	0,6131
8,7083	0,6148
8,7174	0,6163
8,7260	0,6178
8,7342	0,6192
8,7419	0,6204
8,7490	0,6215
8,7557	0,6225
8,7618	0,6234
8,7674	0,6242
8,7724	0,6248
8,7770	0,6254
8,7810	0,6258
8,7845	0,6260
8,7875	0,6262
8,7901	0,6262
8,7923	0,6261
8,7941	0,6259
8,7955	0,6256
8,7967	0,6251
8,7976	0,6246
8,7984	0,6239
8,7990	0,6231
8,7995	0,6221
8,8001	0,6211
8,8006	0,6199
8,8013	0,6187
8,8022	0,6173
8,8032	0,6158
8,8046	0,6142
8,8063	0,6125
8,8084	0,6107
8,8109	0,6088
8,8138	0,6068
8,8173	0,6047
8,8213	0,6025
8,8259	0,6002
8,8310	0,5978
8,8368	0,5954
8,8431	0,5928
8,8500	0,5902
8,8574	0,5875
8,8655	0,5848
8,8740	0,5819
8,8831	0,5790
8,8926	0,5761
8,9025	0,5731
8,9128	0,5700
8,9234	0,5669
8,9343	0,5637
8,9453	0,5605
8,9565	0,5572
8,9677	0,5538
8,9789	0,5505
8,9900	0,5470
9,0009	0,5436
9,0116	0,5401
9,0220	0,5365
9,0320	0,5329
9,0416	0,5293
9,0507	0,5256
9,0592	0,5219
9,0671	0,5181
9,0744	0,5144
9,0810	0,5106
9,0869	0,5067
9,0920	0,5029
9,0965	0,4990
9,1002	0,4951
9,1032	0,4912
9,1054	0,4873
9,1070	0,4834
9,1079	0,4795
9,1082	0,4757
9,1080	0,4718
9,1072	0,4680
9,1059	0,4642
9,1042	0,4605
9,1022	0,4568
9,0999	0,4532
9,0974	0,4496
9,0948	0,4461
9,0921	0,4427
9,0893	0,4393
9,0867	0,4361
9,0842	0,4329
9,0818	0,4299
9,0798	0,4270
9,0781	0,4241
9,0768	0,4215
9,0759	0,4189
9,0756	0,4165
9,0758	0,4142
9,0766	0,4120
9,0780	0,4100
9,0802	0,4081
9,0831	0,4064
9,0867	0,4048
9,0911	0,4034
9,0963	0,4021
9,1023	0,4009
9,1091	0,3999
9,1167	0,3991
9,1251	0,3983
9,1343	0,3977
9,1443	0,3973
9,1550	0,3969
9,1663	0,3967
9,1783	0,3966
9,1909	0,3966
9,2040	0,3966
9,2175	0,3968
9,2313	0,3971
9,2455	0,3974
9,2598	0,3979
9,2742	0,3983
9,2886	0,3989
9,3029	0,3996
9,3169	0,4003
9,3307	0,4010
9,3440	0,4018
9,3568	0,4027
9,3690	0,4037
9,3805	0,4047
9,3912	0,4058
9,4011	0,4070
9,4101	0,4083
9,4181	0,4096
9,4251	0,4110
9,4311	0,4126
9,4360	0,4142
9,4398	0,4160
9,4426	0,4178
9,4444	0,4198
9,4451	0,4219
9,4449	0,4242
9,4438	0,4266
9,4418	0,4291
9,4390	0,4318
9,4356	0,4346
9,4316	0,4375
9,4270	0,4406
9,4221	0,4438
9,4168	0,4471
9,4114	0,4506
9,4058	0,4542
9,4003	0,4579
9,3949	0,4617
9,3897	0,4656
9,3848	0,4695
9,3803	0,4736
9,3764	0,4776
9,3730	0,4818
9,3704	0,4859
9,3685	0,4901
9,3674	0,4942
9,3672	0,4984
9,3680	0,5025
9,3697	0,5066
9,3725	0,5107
9,3764	0,5147
9,3814	0,5186
9,3875	0,5224
9,3948	0,5262
9,4032	0,5299
9,4127	0,5334
9,4233	0,5369
9,4351	0,5402
9,4478	0,5435
9,4616	0,5466
9,4764	0,5496
9,4921	0,5525
9,5086	0,5552
9,5259	0,5579
9,5439	0,5605
9,5625	0,5629
9,5817	0,5652
9,6012	0,5675
9,6212	0,5696
9,6414	0,5717
9,6617	0,5737
9,6822	0,5756
9,7025	0,5775
9,7228	0,5793
9,7428	0,5811
9,7626	0,5828
9,7819	0,5845
9,8008	0,5862
9,8191	0,5879
9,8368	0,5895
9,8539	0,5911
9,8702	0,5927
9,8857	0,5943
9,9005	0,5958
9,9143	0,5974
9,9273	0,5989
9,9393	0,6004
9,9504	0,6019
9,9606	0,6034
9,9698	0,6048
9,9781	0,6062
9,9854	0,6075
9,9919	0,6088
9,9974	0,6099
10,0020	0,6111
10,0058	0,6121
10,0087	0,6130
10,0109	0,6138
10,0124	0,6145
10,0131	0,6151
10,0132	0,6155
10,0128	0,6158
10,0118	0,6160
10,0104	0,6160
10,0085	0,6159
10,0064	0,6156
10,0039	0,6151
10,0013	0,6145
9,9986	0,6138
9,9958	0,6129
9,9930	0,6119
9,9903	0,6107
9,9878	0,6094
9,9854	0,6080
9,9834	0,6064
9,9817	0,6048
9,9803	0,6031
9,9793	0,6013
9,9788	0,5994
9,9788	0,5974
9,9793	0,5954
9,9802	0,5933
9,9817	0,5913
9,9838	0,5891
9,9863	0,5870
9,9893	0,5849
9,9929	0,5827
9,9968	0,5806
10,0012	0,5784
10,0060	0,5762
10,0111	0,5741
10,0165	0,5720
10,0222	0,5698
10,0281	0,5677
10,0341	0,5655
10,0402	0,5633
10,0464	0,5611
10,0526	0,5589
10,0587	0,5566
10,0648	0,5543
10,0707	0,5519
10,0765	0,5494
10,0821	0,5469
10,0874	0,5442
10,0925	0,5415
10,0974	0,5386
10,1020	0,5356
10,1063	0,5325
10,1103	0,5293
10,1140	0,5260
10,1174	0,5225
10,1206	0,5188
10,1235	0,5151
10,1261	0,5112
10,1285	0,5072
10,1307	0,5030
10,1327	0,4988
10,1345	0,4945
10,1362	0,4901
10,1378	0,4857
10,1393	0,4812
10,1408	0,4767
10,1423	0,4722
10,1438	0,4677
10,1454	0,4632
10,1472	0,4588
10,1490	0,4545
10,1511	0,4504
10,1535	0,4463
10,1561	0,4424
10,1591	0,4386
10,1625	0,4350
10,1663	0,4317
10,1706	0,4285
10,1754	0,4256
10,1808	0,4229
10,1868	0,4204
10,1934	0,4182
10,2007	0,4162
10,2087	0,4145
10,2174	0,4130
10,2268	0,4117
10,2370	0,4107
10,2479	0,4099
10,2595	0,4093
10,2717	0,4089
10,2847	0,4086
10,2982	0,4086
10,3123	0,4086
10,3269	0,4088
10,3419	0,4092
10,3573	0,4096
10,3729	0,4100
10,3886	0,4106
10,4044	0,4111
10,4202	0,4117
10,4358	0,4123
10,4511	0,4129
10,4660	0,4135
10,4804	0,4140
10,4943	0,4146
10,5075	0,4151
10,5199	0,4155
10,5315	0,4159
10,5422	0,4163
10,5519	0,4167
10,5606	0,4170
10,5684	0,4173
10,5751	0,4175
10,5809	0,4178
10,5856	0,4180
10,5895	0,4183
10,5924	0,4186
10,5945	0,4189
10,5959	0,4193
10,5966	0,4198
10,5968	0,4203
10,5965	0,4209
10,5958	0,4216
10,5949	0,4224
10,5939	0,4233
10,5929	0,4243
10,5920	0,4255
10,5912	0,4268
10,5908	0,4283
10,5907	0,4299
10,5911	0,4317
10,5921	0,4336
10,5936	0,4357
10,5958	0,4380
10,5987	0,4404
10,6024	0,4430
10,6067	0,4457
10,6118	0,4486
10,6176	0,4516
10,6242	0,4547
10,6314	0,4580
10,6394	0,4615
10,6479	0,4650
10,6571	0,4687
10,6668	0,4724
10,6769	0,4763
10,6875	0,4802
10,6984	0,4842
10,7096	0,4883
10,7210	0,4924
10,7326	0,4966
10,7443	0,5008
10,7560	0,5051
10,7676	0,5093
10,7792	0,5136
10,7906	0,5179
10,8018	0,5221
10,8127	0,5264
10,8234	0,5306
10,8336	0,5347
10,8436	0,5389
10,8530	0,5429
10,8621	0,5469
10,8707	0,5509
10,8788	0,5548
10,8865	0,5586
10,8936	0,5623
10,9003	0,5659
10,9064	0,5695
10,9121	0,5729
10,9174	0,5763
10,9222	0,5795
10,9265	0,5827
10,9305	0,5857
10,9341	0,5886
10,9374	0,5915
10,9403	0,5941
10,9429	0,5967
10,9454	0,5992
10,9476	0,6015
10,9496	0,6037
10,9514	0,6057
10,9532	0,6077
10,9549	0,6095
10,9565	0,6111
10,9581	0,6127
10,9597	0,6141
10,9614	0,6153
10,9631	0,6165
10,9648	0,6174
10,9667	0,6183
10,9686	0,6190
10,9707	0,6196
10,9729	0,6201
10,9752	0,6204
10,9776	0,6206
10,9801	0,6207
10,9827	0,6207
10,9855	0,6206
10,9883	0,6204
10,9912	0,6201
10,9942	0,6197
10,9973	0,6193
11,0005	0,6188
11,0037	0,6182
11,0069	0,6176
11,0102	0,6169
11,0135	0,6162
11,0169	0,6155
11,0204	0,6148
11,0239	0,6141
11,0275	0,6133
11,0312	0,6126
11,0350	0,6119
11,0389	0,6112
11,0431	0,6105
11,0474	0,6098
11,0520	0,6091
11,0569	0,6085
11,0621	0,6079
11,0676	0,6073
11,0736	0,6067
11,0800	0,6061
11,0868	0,6054
11,0942	0,6048
11,1020	0,6042
11,1104	0,6036
11,1194	0,6029
11,1290	0,6021
11,1391	0,6014
11,1498	0,6005
11,1610	0,5996
11,1728	0,5987
11,1850	0,5976
11,1978	0,5964
11,2109	0,5952
11,2244	0,5938
11,2382	0,5923
11,2522	0,5908
11,2664	0,5890
11,2807	0,5872
11,2950	0,5852
11,3092	0,5831
11,3233	0,5809
11,3371	0,5785
11,3506	0,5760
11,3637	0,5734
11,3764	0,5707
11,3885	0,5678
11,4000	0,5648
11,4109	0,5617
11,4212	0,5585
11,4307	0,5552
11,4395	0,5517
11,4475	0,5482
11,4547	0,5446
11,4612	0,5409
11,4669	0,5371
11,4719	0,5333
11,4762	0,5294
11,4798	0,5254
11,4828	0,5214
11,4852	0,5173
11,4870	0,5132
11,4884	0,5090
11,4893	0,5048
11,4899	0,5006
11,4902	0,4964
11,4902	0,4921
11,4900	0,4879
11,4897	0,4836
11,4893	0,4793
11,4889	0,4751
11,4884	0,4709
11,4881	0,4667
11,4879	0,4625
11,4878	0,4584
11,4879	0,4544
11,4882	0,4504
11,4887	0,4465
11,4896	0,4426
11,4907	0,4388
11,4921	0,4352
11,4939	0,4316
11,4961	0,4281
11,4987	0,4248
11,5016	0,4216
11,5050	0,4185
11,5088	0,4155
11,5131	0,4127
11,5178	0,4100
11,5229	0,4075
11,5286	0,4051
11,5347	0,4028
11,5412	0,4007
11,5482	0,3988
11,5557	0,3970
11,5635	0,3954
11,5718	0,3939
11,5804	0,3926
11,5894	0,3914
11,5987	0,3904
11,6082	0,3895
11,6179	0,3888
11,6278	0,3882
11,6378	0,3877
11,6478	0,3874
11,6578	0,3873
11,6677	0,3873
11,6774	0,3874
11,6869	0,3876
11,6962	0,3880
11,7051	0,3886
11,7136	0,3892
11,7217	0,3900
11,7294	0,3910
11,7365	0,3920
11,7431	0,3932
11,7492	0,3945
11,7546	0,3959
11,7595	0,3975
11,7638	0,3992
11,7676	0,4009
11,7708	0,4028
11,7735	0,4048
11,7757	0,4069
11,7775	0,4091
11,7788	0,4113
11,7798	0,4137
11,7804	0,4161
11,7808	0,4186
11,7810	0,4211
11,7810	0,4237
11,7809	0,4263
11,7808	0,4290
11,7806	0,4318
11,7805	0,4345
11,7805	0,4373
11,7806	0,4401
11,7809	0,4429
11,7814	0,4458
11,7821	0,4486
11,7832	0,4514
11,7845	0,4543
11,7861	0,4572
11,7881	0,4600
11,7904	0,4629
11,7931	0,4657
11,7962	0,4686
11,7996	0,4714
11,8034	0,4743
11,8076	0,4772
11,8121	0,4800
11,8171	0,4829
11,8224	0,4858
11,8280	0,4887
11,8340	0,4915
11,8404	0,4944
11,8471	0,4974
11,8542	0,5003
11,8615	0,5032
11,8692	0,5062
11,8771	0,5091
11,8854	0,5121
11,8939	0,5151
11,9026	0,5181
11,9115	0,5212
11,9207	0,5242
11,9300	0,5273
11,9395	0,5303
11,9491	0,5334
11,9589	0,5365
11,9687	0,5396
11,9785	0,5427
11,9884	0,5459
11,9983	0,5490
12,0081	0,5521
12,0179	0,5552
12,0277	0,5583
12,0373	0,5614
12,0468	0,5644
12,0561	0,5675
12,0653	0,5705
12,0743	0,5734
12,0831	0,5764
12,0918	0,5793
12,1002	0,5821
12,1083	0,5849
12,1163	0,5876
12,1240	0,5903
12,1316	0,5929
12,1388	0,5954
12,1459	0,5978
12,1527	0,6001
12,1593	0,6024
12,1657	0,6045
12,1719	0,6065
12,1778	0,6085
12,1835	0,6103
12,1889	0,6120
12,1942	0,6136
12,1991	0,6150
12,2038	0,6164
12,2082	0,6176
12,2123	0,6187
12,2162	0,6197
12,2197	0,6206
12,2229	0,6214
12,2257	0,6220
12,2282	0,6226
12,2304	0,6230
12,2322	0,6234
12,2336	0,6236
12,2348	0,6238
12,2356	0,6238
12,2360	0,6238
12,2362	0,6238
12,2362	0,6236
12,2359	0,6234
12,2355	0,6231
12,2349	0,6228
12,2343	0,6224
12,2336	0,6220
12,2331	0,6215
12,2327	0,6210
12,2325	0,6204
12,2326	0,6198
12,2331	0,6192
12,2340	0,6185
12,2354	0,6178
12,2375	0,6170
12,2402	0,6162
12,2436	0,6153
12,2478	0,6144
12,2528	0,6134
12,2586	0,6123
12,2654	0,6112
12,2729	0,6100
12,2814	0,6087
12,2907	0,6073
12,3008	0,6058
12,3116	0,6042
12,3232	0,6025
12,3353	0,6007
12,3480	0,5987
12,3610	0,5967
12,3744	0,5945
12,3880	0,5922
12,4017	0,5897
12,4153	0,5871
12,4287	0,5844
12,4417	0,5816
12,4544	0,5786
12,4664	0,5755
12,4778	0,5723
12,4884	0,5690
12,4982	0,5655
12,5069	0,5620
12,5147	0,5584
12,5214	0,5547
12,5270	0,5509
12,5315	0,5470
12,5349	0,5431
12,5373	0,5391
12,5386	0,5351
12,5389	0,5311
12,5383	0,5271
12,5369	0,5230
12,5348	0,5190
12,5321	0,5149
12,5289	0,5109
12,5254	0,5069
12,5216	0,5030
12,5178	0,4991
12,5140	0,4952
12,5105	0,4914
12,5073	0,4877
12,5045	0,4840
12,5023	0,4805
12,5008	0,4770
12,5001	0,4735
12,5002	0,4702
12,5013	0,4669
12,5035	0,4638
12,5067	0,4607
12,5109	0,4577
12,5163	0,4548
12,5228	0,4519
12,5304	0,4492
12,5390	0,4465
12,5487	0,4439
12,5594	0,4414
12,5709	0,4390
12,5833	0,4366
12,5965	0,4342
12,6102	0,4319
12,6245	0,4297
12,6393	0,4275
12,6543	0,4253
12,6696	0,4232
12,6849	0,4211
12,7002	0,4191
12,7153	0,4170
12,7302	0,4150
12,7447	0,4130
12,7588	0,4110
12,7723	0,4091
12,7852	0,4071
12,7974	0,4052
12,8088	0,4033
12,8194	0,4014
12,8292	0,3995
12,8381	0,3976
12,8462	0,3958
12,8534	0,3940
12,8597	0,3923
12,8653	0,3906
12,8700	0,3890
12,8741	0,3874
12,8775	0,3858
12,8803	0,3844
12,8826	0,3830
12,8844	0,3818
12,8859	0,3806
12,8872	0,3795
12,8883	0,3785
12,8893	0,3777
12,8904	0,3769
12,8916	0,3763
12,8930	0,3759
12,8947	0,3756
12,8967	0,3754
12,8992	0,3754
12,9022	0,3755
12,9057	0,3759
12,9099	0,3763
12,9146	0,3770
12,9200	0,3778
12,9261	0,3788
12,9328	0,3799
12,9402	0,3812
12,9482	0,3827
12,9568	0,3843
12,9660	0,3861
12,9756	0,3881
12,9857	0,3902
12,9962	0,3924
13,0070	0,3948
13,0179	0,3973
13,0291	0,3999
13,0403	0,4026
13,0514	0,4055
13,0624	0,4084
13,0732	0,4114
13,0838	0,4145
13,0939	0,4176
13,1037	0,4208
13,1129	0,4241
13,1216	0,4274
13,1297	0,4307
13,1372	0,4341
13,1440	0,4374
13,1502	0,4408
13,1557	0,4442
13,1606	0,4477
13,1648	0,4511
13,1684	0,4545
13,1714	0,4579
13,1739	0,4613
13,1759	0,4648
13,1775	0,4682
13,1788	0,4716
13,1797	0,4750
13,1804	0,4784
13,1809	0,4818
13,1813	0,4852
13,1816	0,4886
13,1819	0,4921
13,1822	0,4955
13,1827	0,4989
13,1832	0,5023
13,1839	0,5057
13,1848	0,5092
13,1859	0,5126
13,1872	0,5160
13,1887	0,5194
13,1904	0,5228
13,1923	0,5262
13,1944	0,5296
13,1967	0,5330
13,1992	0,5363
13,2018	0,5396
13,2045	0,5429
13,2073	0,5462
13,2102	0,5494
13,2132	0,5525
13,2162	0,5556
13,2192	0,5587
13,2223	0,5617
13,2254	0,5646
13,2284	0,5675
13,2315	0,5703
13,2346	0,5730
13,2378	0,5756
13,2410	0,5781
13,2442	0,5806
13,2475	0,5830
13,2510	0,5852
13,2545	0,5874
13,2583	0,5895
13,2622	0,5915
13,2664	0,5934
13,2708	0,5952
13,2756	0,5970
13,2806	0,5986
13,2860	0,6001
13,2918	0,6016
13,2980	0,6029
13,3046	0,6042
13,3115	0,6053
13,3190	0,6064
13,3268	0,6075
13,3350	0,6084
13,3436	0,6092
13,3527	0,6100
13,3620	0,6107
13,3717	0,6114
13,3818	0,6119
13,3921	0,6124
13,4026	0,6129
13,4133	0,6132
13,4242	0,6135
13,4352	0,6138
13,4463	0,6140
13,4574	0,6141
13,4685	0,6141
13,4794	0,6141
13,4903	0,6141
13,5010	0,6139
13,5115	0,6138
13,5217	0,6135
13,5316	0,6132
13,5412	0,6129
13,5504	0,6125
13,5593	0,6120
13,5677	0,6115
13,5756	0,6109
13,5831	0,6102
13,5901	0,6095
13,5967	0,6088
13,6027	0,6079
13,6083	0,6071
13,6135	0,6061
13,6182	0,6051
13,6224	0,6040
13,6263	0,6029
13,6299	0,6017
13,6331	0,6005
13,6361	0,5991
13,6388	0,5977
13,6414	0,5963
13,6439	0,5948
13,6463	0,5932
13,6487	0,5915
13,6512	0,5898
13,6538	0,5880
13,6566	0,5861
13,6596	0,5842
13,6630	0,5822
13,6666	0,5801
13,6706	0,5779
13,6750	0,5757
13,6799	0,5734
13,6852	0,5710
13,6909	0,5686
13,6972	0,5661
13,7039	0,5635
13,7110	0,5608
13,7187	0,5581
13,7267	0,5554
13,7351	0,5526
13,7439	0,5497
13,7530	0,5468
13,7623	0,5438
13,7718	0,5408
13,7814	0,5377
13,7911	0,5346
13,8008	0,5315
13,8105	0,5283
13,8200	0,5251
13,8294	0,5219
13,8384	0,5187
13,8472	0,5154
13,8556	0,5121
13,8636	0,5088
13,8711	0,5056
13,8781	0,5023
13,8846	0,4990
13,8905	0,4957
13,8958	0,4924
13,9005	0,4892
13,9046	0,4860
13,9081	0,4827
13,9110	0,4795
13,9133	0,4764
13,9150	0,4733
13,9163	0,4702
13,9170	0,4671
13,9173	0,4641
13,9172	0,4611
13,9167	0,4582
13,9159	0,4553
13,9149	0,4525
13,9137	0,4497
13,9123	0,4470
13,9109	0,4443
13,9094	0,4417
13,9079	0,4392
13,9065	0,4367
13,9052	0,4343
13,9041	0,4319
13,9032	0,4297
13,9026	0,4275
13,9022	0,4253
13,9021	0,4233
13,9023	0,4213
13,9029	0,4194
13,9038	0,4175
13,9050	0,4158
13,9066	0,4141
13,9086	0,4125
13,9109	0,4109
13,9135	0,4095
13,9164	0,4081
13,9196	0,4068
13,9231	0,4056
13,9268	0,4045
13,9308	0,4034
13,9349	0,4025
13,9392	0,4016
13,9437	0,4008
13,9483	0,4001
13,9530	0,3994
13,9578	0,3989
13,9627	0,3984
13,9676	0,3980
13,9726	0,3977
13,9777	0,3975
13,9829	0,3974
13,9882	0,3973
13,9935	0,3974
13,9990	0,3975
14,0045	0,3977
14,0103	0,3980
14,0162	0,3984
14,0223	0,3989
14,0287	0,3995
14,0354	0,4001
14,0424	0,4009
14,0497	0,4018
14,0575	0,4028
14,0656	0,4038
14,0742	0,4050
14,0833	0,4063
14,0928	0,4076
14,1029	0,4091
14,1134	0,4107
14,1244	0,4123
14,1360	0,4141
14,1480	0,4160
14,1604	0,4179
14,1733	0,4199
14,1865	0,4221
14,2000	0,4243
14,2138	0,4265
14,2277	0,4289
14,2418	0,4313
14,2560	0,4337
14,2701	0,4362
14,2840	0,4388
14,2978	0,4413
14,3113	0,4439
14,3244	0,4466
14,3371	0,4492
14,3493	0,4519
14,3609	0,4545
14,3718	0,4572
14,3820	0,4598
14,3914	0,4625
14,4001	0,4651
14,4079	0,4677
14,4148	0,4703
14,4208	0,4729
14,4260	0,4754
14,4303	0,4780
14,4337	0,4805
14,4363	0,4830
14,4381	0,4855
14,4392	0,4880
14,4395	0,4904
14,4392	0,4929
14,4384	0,4954
14,4370	0,4979
14,4353	0,5004
14,4332	0,5030
14,4308	0,5055
14,4283	0,5081
14,4258	0,5108
14,4232	0,5134
14,4208	0,5161
14,4186	0,5189
14,4167	0,5217
14,4152	0,5245
14,4141	0,5274
14,4135	0,5304
14,4135	0,5334
14,4141	0,5364
14,4154	0,5395
14,4174	0,5426
14,4202	0,5457
14,4237	0,5489
14,4279	0,5521
14,4329	0,5553
14,4387	0,5585
14,4452	0,5617
14,4523	0,5650
14,4602	0,5682
14,4686	0,5713
14,4775	0,5745
14,4870	0,5775
14,4969	0,5806
14,5071	0,5835
14,5177	0,5864
14,5285	0,5893
14,5394	0,5920
14,5504	0,5947
14,5615	0,5972
14,5725	0,5996
14,5834	0,6020
14,5942	0,6042
14,6048	0,6063
14,6151	0,6082
14,6251	0,6101
14,6349	0,6118
14,6442	0,6134
14,6532	0,6149
14,6619	0,6162
14,6701	0,6174
14,6780	0,6185
14,6855	0,6194
14,6926	0,6202
14,6993	0,6209
14,7057	0,6215
14,7117	0,6220
14,7175	0,6224
14,7229	0,6226
14,7280	0,6228
14,7328	0,6229
14,7374	0,6229
14,7417	0,6228
14,7458	0,6226
14,7498	0,6224
14,7535	0,6221
14,7570	0,6217
14,7604	0,6213
14,7636	0,6209
14,7666	0,6204
14,7695	0,6199
14,7723	0,6194
14,7749	0,6189
14,7774	0,6183
14,7797	0,6177
14,7819	0,6172
14,7840	0,6166
14,7859	0,6161
14,7877	0,6155
14,7895	0,6150
14,7911	0,6145
14,7927	0,6139
14,7941	0,6134
14,7956	0,6129
14,7970	0,6125
14,7984	0,6120
14,7998	0,6115
14,8012	0,6110
14,8027	0,6104
14,8043	0,6099
14,8060	0,6093
14,8079	0,6087
14,8099	0,6080
14,8122	0,6072
14,8146	0,6064
14,8173	0,6055
14,8203	0,6045
14,8236	0,6034
14,8272	0,6022
14,8311	0,6008
14,8353	0,5993
14,8399	0,5976
14,8448	0,5958
14,8501	0,5938
14,8557	0,5917
14,8615	0,5894
14,8677	0,5869
14,8742	0,5842
14,8809	0,5814
14,8878	0,5784
14,8949	0,5752
14,9021	0,5719
14,9095	0,5684
14,9169	0,5648
14,9244	0,5610
14,9318	0,5572
14,9393	0,5532
14,9466	0,5492
14,9539	0,5451
14,9611	0,5409
14,9681	0,5368
14,9749	0,5326
14,9815	0,5284
14,9879	0,5243
14,9941	0,5201
15,0001	0,5161
15,0058	0,5121
15,0113	0,5083
15,0167	0,5045
15,0218	0,5008
15,0268	0,4973
15,0316	0,4939
15,0363	0,4907
15,0409	0,4876
15,0454	0,4846
15,0499	0,4818
15,0544	0,4791
15,0590	0,4766
15,0636	0,4742
15,0683	0,4719
15,0732	0,4697
15,0783	0,4677
15,0836	0,4658
15,0892	0,4639
15,0950	0,4621
15,1012	0,4604
15,1076	0,4588
15,1144	0,4571
15,1216	0,4555
15,1291	0,4539
15,1370	0,4524
15,1452	0,4507
15,1538	0,4491
15,1627	0,4474
15,1719	0,4457
15,1813	0,4439
15,1909	0,4421
15,2007	0,4402
15,2107	0,4383
15,2207	0,4362
15,2306	0,4342
15,2406	0,4320
15,2504	0,4298
15,2600	0,4275
15,2693	0,4252
15,2783	0,4229
15,2870	0,4205
15,2951	0,4181
15,3027	0,4157
15,3098	0,4133
15,3162	0,4109
15,3220	0,4086
15,3270	0,4063
15,3313	0,4040
15,3349	0,4019
15,3377	0,3998
15,3397	0,3979
15,3410	0,3960
15,3415	0,3943
15,3414	0,3928
15,3405	0,3914
