-0,3116	0,6925
-0,3073	0,7012
-0,3029	0,7097
-0,2983	0,7180
-0,2936	0,7260
-0,2887	0,7338
-0,2835	0,7414
-0,2782	0,7487
-0,2726	0,7557
-0,2668	0,7625
-0,2608	0,7689
-0,2545	0,7751
-0,2479	0,7809
-0,2412	0,7864
-0,2342	0,7916
-0,2270	0,7964
-0,2196	0,8009
-0,2120	0,8050
-0,2043	0,8087
-0,1964	0,8120
-0,1883	0,8149
-0,1801	0,8173
-0,1719	0,8194
-0,1635	0,8210
-0,1551	0,8222
-0,1467	0,8229
-0,1382	0,8231
-0,1298	0,8229
-0,1213	0,8222
-0,1129	0,8210
-0,1045	0,8194
-0,0961	0,8173
-0,0879	0,8147
-0,0796	0,8116
-0,0715	0,8081
-0,0634	0,8041
-0,0553	0,7996
-0,0474	0,7947
-0,0394	0,7894
-0,0316	0,7837
-0,0237	0,7776
-0,0159	0,7711
-0,0081	0,7642
-0,0003	0,7570
0,0075	0,7495
0,0154	0,7417
0,0234	0,7336
0,0314	0,7252
0,0396	0,7166
0,0478	0,7079
0,0563	0,6989
0,0648	0,6898
0,0736	0,6806
0,0826	0,6712
0,0917	0,6618
0,1011	0,6523
0,1107	0,6427
0,1205	0,6331
0,1305	0,6235
0,1407	0,6139
0,1511	0,6043
0,1616	0,5947
0,1723	0,5852
0,1831	0,5757
0,1940	0,5662
0,2049	0,5568
0,2158	0,5474
0,2268	0,5381
0,2376	0,5289
0,2484	0,5198
0,2590	0,5107
0,2694	0,5017
0,2795	0,4928
0,2894	0,4840
0,2990	0,4752
0,3083	0,4666
0,3172	0,4580
0,3257	0,4496
0,3338	0,4413
0,3414	0,4331
0,3486	0,4251
0,3554	0,4172
0,3617	0,4095
0,3676	0,4020
0,3730	0,3946
0,3780	0,3875
0,3827	0,3806
0,3870	0,3740
0,3910	0,3676
0,3947	0,3615
0,3982	0,3556
0,4015	0,3502
0,4047	0,3450
0,4078	0,3402
0,4108	0,3357
0,4139	0,3316
0,4170	0,3279
0,4203	0,3246
0,4238	0,3217
0,4275	0,3192
0,4314	0,3171
0,4357	0,3154
0,4404	0,3142
0,4454	0,3134
0,4509	0,3130
0,4569	0,3130
0,4633	0,3134
0,4703	0,3142
0,4777	0,3154
0,4857	0,3170
0,4941	0,3190
0,5031	0,3213
0,5126	0,3240
0,5225	0,3271
0,5328	0,3305
0,5435	0,3342
0,5546	0,3382
0,5660	0,3426
0,5776	0,3472
0,5895	0,3521
0,6015	0,3573
0,6136	0,3628
0,6257	0,3685
0,6378	0,3745
0,6498	0,3807
0,6616	0,3872
0,6731	0,3939
0,6844	0,4008
0,6953	0,4080
0,7058	0,4154
0,7159	0,4230
0,7255	0,4309
0,7346	0,4390
0,7431	0,4473
0,7510	0,4558
0,7583	0,4645
0,7650	0,4734
0,7712	0,4825
0,7767	0,4918
0,7817	0,5013
0,7861	0,5109
0,7900	0,5207
0,7934	0,5307
0,7964	0,5407
0,7990	0,5509
0,8013	0,5612
0,8033	0,5716
0,8052	0,5820
0,8069	0,5924
0,8086	0,6029
0,8103	0,6133
0,8120	0,6237
0,8140	0,6341
0,8162	0,6444
0,8186	0,6545
0,8214	0,6645
0,8246	0,6744
0,8282	0,6840
0,8323	0,6935
0,8369	0,7027
0,8420	0,7116
0,8477	0,7203
0,8540	0,7286
0,8608	0,7366
0,8681	0,7443
0,8760	0,7517
0,8844	0,7586
0,8932	0,7652
0,9025	0,7714
0,9122	0,7772
0,9222	0,7826
0,9325	0,7876
0,9430	0,7922
0,9537	0,7964
0,9645	0,8002
0,9753	0,8036
0,9861	0,8066
0,9968	0,8092
1,0074	0,8114
1,0178	0,8133
1,0279	0,8148
1,0378	0,8159
1,0473	0,8167
1,0564	0,8172
1,0652	0,8173
1,0735	0,8171
1,0814	0,8165
1,0888	0,8157
1,0959	0,8145
1,1024	0,8131
1,1086	0,8113
1,1143	0,8092
1,1197	0,8068
1,1248	0,8041
1,1295	0,8011
1,1339	0,7978
1,1382	0,7942
1,1422	0,7903
1,1461	0,7860
1,1500	0,7815
1,1537	0,7766
1,1575	0,7714
1,1614	0,7659
1,1653	0,7601
1,1694	0,7539
1,1736	0,7475
1,1780	0,7407
1,1827	0,7336
1,1876	0,7262
1,1929	0,7184
1,1984	0,7104
1,2042	0,7022
1,2103	0,6936
1,2167	0,6848
1,2235	0,6757
1,2305	0,6665
1,2379	0,6570
1,2455	0,6473
1,2533	0,6375
1,2614	0,6275
1,2697	0,6173
1,2781	0,6071
1,2866	0,5968
1,2953	0,5864
1,3039	0,5760
1,3126	0,5655
1,3213	0,5551
1,3298	0,5447
1,3383	0,5343
1,3466	0,5240
1,3547	0,5138
1,3626	0,5037
1,3702	0,4937
1,3775	0,4839
1,3845	0,4742
1,3912	0,4647
1,3975	0,4553
1,4034	0,4462
1,4089	0,4373
1,4140	0,4286
1,4188	0,4202
1,4231	0,4120
1,4271	0,4041
1,4307	0,3964
1,4340	0,3890
1,4370	0,3819
1,4396	0,3751
1,4420	0,3686
1,4442	0,3624
1,4462	0,3566
1,4480	0,3510
1,4498	0,3458
1,4515	0,3409
1,4531	0,3363
1,4549	0,3321
1,4567	0,3282
1,4586	0,3247
1,4607	0,3215
1,4631	0,3187
1,4657	0,3163
1,4686	0,3142
1,4719	0,3125
1,4756	0,3112
1,4797	0,3103
1,4842	0,3097
1,4893	0,3096
1,4948	0,3098
1,5008	0,3104
1,5074	0,3114
1,5145	0,3127
1,5220	0,3144
1,5301	0,3165
1,5387	0,3190
1,5478	0,3219
1,5572	0,3250
1,5671	0,3286
1,5774	0,3325
1,5880	0,3367
1,5989	0,3412
1,6100	0,3460
1,6214	0,3511
1,6328	0,3565
1,6444	0,3622
1,6560	0,3681
1,6676	0,3742
1,6792	0,3806
1,6907	0,3872
1,7020	0,3940
1,7131	0,4010
1,7241	0,4082
1,7347	0,4155
1,7452	0,4229
1,7553	0,4305
1,7651	0,4382
1,7746	0,4461
1,7837	0,4540
1,7926	0,4620
1,8011	0,4701
1,8092	0,4783
1,8171	0,4866
1,8247	0,4949
1,8320	0,5033
1,8391	0,5117
1,8459	0,5202
1,8525	0,5288
1,8589	0,5373
1,8652	0,5459
1,8713	0,5546
1,8773	0,5632
1,8832	0,5719
1,8890	0,5806
1,8948	0,5893
1,9005	0,5981
1,9062	0,6068
1,9120	0,6155
1,9177	0,6242
1,9234	0,6328
1,9292	0,6415
1,9350	0,6500
1,9409	0,6586
1,9468	0,6670
1,9528	0,6754
1,9588	0,6837
1,9649	0,6918
1,9711	0,6998
1,9774	0,7077
1,9838	0,7154
1,9902	0,7230
1,9968	0,7303
2,0034	0,7375
2,0102	0,7443
2,0170	0,7510
2,0240	0,7573
2,0311	0,7634
2,0383	0,7692
2,0457	0,7746
2,0531	0,7798
2,0607	0,7845
2,0683	0,7889
2,0761	0,7929
2,0840	0,7965
2,0919	0,7997
2,1000	0,8025
2,1081	0,8048
2,1163	0,8068
2,1246	0,8083
2,1329	0,8093
2,1412	0,8099
2,1496	0,8101
2,1580	0,8098
2,1664	0,8091
2,1747	0,8079
2,1831	0,8063
2,1914	0,8043
2,1997	0,8019
2,2080	0,7991
2,2162	0,7959
2,2243	0,7922
2,2324	0,7882
2,2404	0,7839
2,2484	0,7792
2,2563	0,7741
2,2642	0,7688
2,2720	0,7631
2,2798	0,7571
2,2875	0,7508
2,2951	0,7443
2,3027	0,7375
2,3103	0,7305
2,3179	0,7232
2,3254	0,7158
2,3328	0,7081
2,3402	0,7002
2,3476	0,6922
2,3549	0,6840
2,3622	0,6756
2,3693	0,6671
2,3764	0,6585
2,3835	0,6498
2,3904	0,6409
2,3972	0,6320
2,4039	0,6230
2,4105	0,6139
2,4170	0,6047
2,4233	0,5956
2,4294	0,5863
2,4354	0,5771
2,4413	0,5678
2,4470	0,5585
2,4526	0,5493
2,4581	0,5400
2,4634	0,5308
2,4686	0,5216
2,4738	0,5125
2,4788	0,5034
2,4838	0,4943
2,4888	0,4854
2,4938	0,4765
2,4988	0,4677
2,5039	0,4591
2,5090	0,4505
2,5143	0,4421
2,5197	0,4338
2,5252	0,4257
2,5309	0,4177
2,5368	0,4098
2,5430	0,4022
2,5494	0,3948
2,5560	0,3875
2,5628	0,3805
2,5699	0,3737
2,5773	0,3671
2,5849	0,3608
2,5927	0,3547
2,6007	0,3490
2,6090	0,3435
2,6174	0,3383
2,6260	0,3334
2,6347	0,3288
2,6435	0,3245
2,6524	0,3206
2,6613	0,3170
2,6703	0,3138
2,6792	0,3110
2,6881	0,3085
2,6969	0,3064
2,7056	0,3046
2,7141	0,3033
2,7225	0,3023
2,7308	0,3018
2,7388	0,3016
2,7466	0,3018
2,7542	0,3025
2,7615	0,3035
2,7686	0,3049
2,7754	0,3067
2,7821	0,3089
2,7884	0,3114
2,7946	0,3144
2,8005	0,3177
2,8062	0,3214
2,8118	0,3254
2,8172	0,3298
2,8225	0,3345
2,8276	0,3396
2,8327	0,3449
2,8378	0,3506
2,8428	0,3565
2,8479	0,3627
2,8530	0,3691
2,8582	0,3758
2,8635	0,3827
2,8690	0,3899
2,8746	0,3972
2,8805	0,4047
2,8865	0,4123
2,8927	0,4201
2,8992	0,4280
2,9060	0,4361
2,9130	0,4442
2,9202	0,4524
2,9277	0,4607
2,9355	0,4690
2,9434	0,4774
2,9516	0,4858
2,9600	0,4943
2,9685	0,5027
2,9772	0,5111
2,9859	0,5196
2,9947	0,5280
3,0036	0,5364
3,0124	0,5448
3,0212	0,5532
3,0298	0,5615
3,0384	0,5698
3,0467	0,5780
3,0549	0,5863
3,0627	0,5945
3,0704	0,6026
3,0777	0,6107
3,0846	0,6188
3,0912	0,6269
3,0975	0,6349
3,1034	0,6429
3,1089	0,6508
3,1140	0,6587
3,1187	0,6665
3,1231	0,6743
3,1272	0,6820
3,1310	0,6897
3,1346	0,6973
3,1379	0,7048
3,1411	0,7122
3,1441	0,7195
3,1471	0,7267
3,1500	0,7337
3,1530	0,7406
3,1561	0,7474
3,1594	0,7539
3,1628	0,7602
3,1666	0,7663
3,1706	0,7722
3,1750	0,7778
3,1798	0,7831
3,1851	0,7881
3,1908	0,7927
3,1970	0,7971
3,2037	0,8010
3,2109	0,8046
3,2186	0,8078
3,2268	0,8105
3,2355	0,8128
3,2446	0,8147
3,2542	0,8162
3,2641	0,8171
3,2744	0,8176
3,2849	0,8177
3,2957	0,8172
3,3066	0,8163
3,3176	0,8148
3,3287	0,8129
3,3397	0,8106
3,3507	0,8077
3,3615	0,8044
3,3721	0,8007
3,3824	0,7965
3,3924	0,7919
3,4021	0,7868
3,4113	0,7814
3,4201	0,7757
3,4284	0,7695
3,4362	0,7631
3,4435	0,7563
3,4503	0,7493
3,4566	0,7420
3,4624	0,7344
3,4677	0,7267
3,4726	0,7187
3,4771	0,7106
3,4812	0,7024
3,4849	0,6940
3,4884	0,6855
3,4917	0,6770
3,4947	0,6684
3,4977	0,6597
3,5007	0,6511
3,5036	0,6424
3,5066	0,6338
3,5098	0,6251
3,5132	0,6165
3,5168	0,6079
3,5207	0,5994
3,5250	0,5909
3,5297	0,5824
3,5348	0,5740
3,5404	0,5656
3,5464	0,5573
3,5529	0,5491
3,5599	0,5409
3,5675	0,5327
3,5755	0,5246
3,5840	0,5165
3,5929	0,5084
3,6023	0,5004
3,6121	0,4924
3,6222	0,4844
3,6326	0,4764
3,6433	0,4685
3,6541	0,4606
3,6651	0,4528
3,6762	0,4450
3,6873	0,4372
3,6983	0,4295
3,7092	0,4219
3,7200	0,4143
3,7305	0,4069
3,7407	0,3996
3,7506	0,3924
3,7600	0,3853
3,7691	0,3785
3,7776	0,3718
3,7857	0,3653
3,7932	0,3590
3,8001	0,3530
3,8065	0,3473
3,8124	0,3419
3,8176	0,3367
3,8224	0,3319
3,8266	0,3275
3,8304	0,3234
3,8337	0,3196
3,8366	0,3163
3,8392	0,3134
3,8415	0,3109
3,8435	0,3087
3,8454	0,3070
3,8473	0,3058
3,8491	0,3049
3,8509	0,3045
3,8528	0,3045
3,8549	0,3049
3,8573	0,3057
3,8599	0,3070
3,8629	0,3086
3,8662	0,3106
3,8699	0,3130
3,8741	0,3158
3,8787	0,3189
3,8838	0,3223
3,8894	0,3261
3,8955	0,3301
3,9020	0,3345
3,9090	0,3392
3,9164	0,3441
3,9241	0,3493
3,9323	0,3548
3,9407	0,3605
3,9494	0,3664
3,9584	0,3725
3,9675	0,3788
3,9768	0,3853
3,9861	0,3920
3,9955	0,3988
4,0049	0,4058
4,0142	0,4129
4,0234	0,4202
4,0326	0,4276
4,0415	0,4352
4,0503	0,4428
4,0589	0,4506
4,0672	0,4585
4,0754	0,4664
4,0833	0,4745
4,0910	0,4826
4,0985	0,4908
4,1058	0,4990
4,1129	0,5073
4,1199	0,5157
4,1268	0,5241
4,1336	0,5325
4,1403	0,5410
4,1469	0,5495
4,1536	0,5580
4,1603	0,5665
4,1671	0,5750
4,1740	0,5835
4,1810	0,5920
4,1881	0,6005
4,1954	0,6089
4,2029	0,6173
4,2106	0,6257
4,2185	0,6340
4,2265	0,6422
4,2348	0,6503
4,2433	0,6584
4,2520	0,6664
4,2609	0,6742
4,2699	0,6820
4,2790	0,6896
4,2883	0,6971
4,2976	0,7044
4,3070	0,7115
4,3164	0,7185
4,3258	0,7252
4,3352	0,7318
4,3445	0,7382
4,3537	0,7443
4,3627	0,7501
4,3716	0,7558
4,3804	0,7611
4,3889	0,7662
4,3972	0,7710
4,4052	0,7755
4,4130	0,7796
4,4206	0,7835
4,4278	0,7870
4,4348	0,7902
4,4415	0,7931
4,4480	0,7956
4,4542	0,7977
4,4601	0,7995
4,4658	0,8010
4,4713	0,8021
4,4766	0,8028
4,4817	0,8032
4,4867	0,8032
4,4916	0,8028
4,4964	0,8021
4,5011	0,8010
4,5058	0,7996
4,5105	0,7979
4,5152	0,7958
4,5200	0,7934
4,5248	0,7906
4,5297	0,7876
4,5347	0,7842
4,5399	0,7806
4,5452	0,7766
4,5506	0,7724
4,5562	0,7679
4,5619	0,7631
4,5678	0,7581
4,5739	0,7528
4,5801	0,7473
4,5864	0,7415
4,5929	0,7355
4,5996	0,7293
4,6063	0,7228
4,6132	0,7161
4,6201	0,7093
4,6271	0,7022
4,6341	0,6949
4,6412	0,6874
4,6483	0,6798
4,6554	0,6720
4,6625	0,6640
4,6695	0,6559
4,6765	0,6476
4,6835	0,6391
4,6904	0,6306
4,6972	0,6219
4,7039	0,6131
4,7105	0,6042
4,7171	0,5953
4,7236	0,5863
4,7300	0,5772
4,7363	0,5680
4,7426	0,5589
4,7488	0,5497
4,7550	0,5406
4,7611	0,5315
4,7673	0,5224
4,7734	0,5134
4,7795	0,5044
4,7857	0,4955
4,7919	0,4868
4,7982	0,4781
4,8045	0,4696
4,8109	0,4613
4,8174	0,4531
4,8240	0,4451
4,8306	0,4373
4,8373	0,4297
4,8441	0,4223
4,8509	0,4151
4,8578	0,4082
4,8647	0,4015
4,8717	0,3950
4,8786	0,3888
4,8856	0,3829
4,8925	0,3772
4,8993	0,3718
4,9061	0,3666
4,9129	0,3617
4,9195	0,3570
4,9260	0,3527
4,9323	0,3485
4,9386	0,3446
4,9447	0,3410
4,9506	0,3377
4,9564	0,3345
4,9621	0,3317
4,9677	0,3290
4,9731	0,3267
4,9785	0,3245
4,9838	0,3226
4,9890	0,3210
4,9943	0,3196
4,9995	0,3184
5,0048	0,3175
5,0102	0,3168
5,0156	0,3164
5,0213	0,3162
5,0271	0,3163
5,0331	0,3167
5,0394	0,3173
5,0459	0,3182
5,0527	0,3194
5,0599	0,3208
5,0674	0,3226
5,0752	0,3246
5,0834	0,3269
5,0920	0,3296
5,1009	0,3325
5,1101	0,3357
5,1197	0,3392
5,1296	0,3430
5,1398	0,3472
5,1503	0,3516
5,1611	0,3563
5,1720	0,3613
5,1831	0,3666
5,1943	0,3722
5,2056	0,3781
5,2169	0,3842
5,2282	0,3906
5,2395	0,3972
5,2507	0,4040
5,2617	0,4111
5,2725	0,4183
5,2831	0,4258
5,2934	0,4334
5,3034	0,4411
5,3131	0,4490
5,3224	0,4571
5,3312	0,4652
5,3397	0,4735
5,3477	0,4818
5,3552	0,4902
5,3622	0,4986
5,3688	0,5071
5,3749	0,5156
5,3805	0,5241
5,3856	0,5326
5,3903	0,5410
5,3945	0,5495
5,3983	0,5579
5,4017	0,5663
5,4048	0,5747
5,4075	0,5829
5,4100	0,5911
5,4122	0,5993
5,4142	0,6073
5,4160	0,6153
5,4178	0,6232
5,4194	0,6310
5,4211	0,6387
5,4227	0,6463
5,4245	0,6538
5,4264	0,6611
5,4284	0,6684
5,4307	0,6755
5,4332	0,6824
5,4360	0,6893
5,4391	0,6960
5,4426	0,7025
5,4465	0,7089
5,4507	0,7151
5,4554	0,7211
5,4605	0,7269
5,4660	0,7325
5,4719	0,7380
5,4782	0,7432
5,4850	0,7481
5,4921	0,7528
5,4997	0,7573
5,5075	0,7615
5,5157	0,7655
5,5242	0,7691
5,5329	0,7725
5,5419	0,7756
5,5510	0,7783
5,5603	0,7808
5,5697	0,7829
5,5791	0,7847
5,5886	0,7862
5,5981	0,7873
5,6075	0,7881
5,6168	0,7886
5,6261	0,7887
5,6352	0,7884
5,6441	0,7878
5,6529	0,7869
5,6614	0,7857
5,6698	0,7840
5,6779	0,7821
5,6858	0,7798
5,6934	0,7772
5,7008	0,7743
5,7080	0,7711
5,7149	0,7676
5,7216	0,7637
5,7281	0,7596
5,7344	0,7552
5,7404	0,7505
5,7463	0,7455
5,7520	0,7403
5,7576	0,7349
5,7630	0,7292
5,7683	0,7233
5,7735	0,7171
5,7785	0,7108
5,7836	0,7042
5,7885	0,6975
5,7934	0,6906
5,7983	0,6835
5,8032	0,6763
5,8081	0,6689
5,8131	0,6614
5,8180	0,6539
5,8231	0,6462
5,8282	0,6384
5,8333	0,6305
5,8386	0,6226
5,8439	0,6146
5,8494	0,6066
5,8550	0,5985
5,8607	0,5905
5,8666	0,5824
5,8726	0,5743
5,8787	0,5663
5,8850	0,5583
5,8914	0,5503
5,8980	0,5424
5,9048	0,5346
5,9117	0,5268
5,9187	0,5191
5,9258	0,5114
5,9331	0,5039
5,9405	0,4964
5,9481	0,4891
5,9557	0,4818
5,9634	0,4747
5,9712	0,4676
5,9790	0,4607
5,9869	0,4539
5,9948	0,4472
6,0027	0,4406
6,0106	0,4342
6,0184	0,4279
6,0262	0,4217
6,0340	0,4156
6,0416	0,4097
6,0492	0,4039
6,0566	0,3983
6,0640	0,3928
6,0711	0,3874
6,0781	0,3822
6,0850	0,3772
6,0916	0,3723
6,0981	0,3676
6,1044	0,3630
6,1105	0,3587
6,1163	0,3545
6,1220	0,3505
6,1275	0,3467
6,1328	0,3431
6,1379	0,3396
6,1427	0,3364
6,1475	0,3335
6,1520	0,3307
6,1564	0,3282
6,1606	0,3259
6,1647	0,3239
6,1686	0,3222
6,1725	0,3207
6,1763	0,3195
6,1800	0,3185
6,1837	0,3179
6,1874	0,3176
6,1911	0,3175
6,1948	0,3178
6,1986	0,3184
6,2025	0,3194
6,2065	0,3206
6,2106	0,3222
6,2149	0,3242
6,2194	0,3264
6,2241	0,3290
6,2291	0,3320
6,2343	0,3353
6,2397	0,3389
6,2455	0,3428
6,2515	0,3470
6,2579	0,3516
6,2645	0,3564
6,2715	0,3616
6,2787	0,3670
6,2863	0,3727
6,2941	0,3786
6,3022	0,3848
6,3105	0,3912
6,3190	0,3977
6,3277	0,4045
6,3366	0,4115
6,3456	0,4186
6,3547	0,4258
6,3638	0,4332
6,3730	0,4407
6,3821	0,4483
6,3912	0,4560
6,4003	0,4637
6,4092	0,4715
6,4180	0,4794
6,4266	0,4873
6,4350	0,4952
6,4433	0,5032
6,4513	0,5112
6,4590	0,5192
6,4666	0,5272
6,4739	0,5352
6,4810	0,5432
6,4878	0,5512
6,4945	0,5592
6,5009	0,5672
6,5072	0,5752
6,5134	0,5832
6,5194	0,5911
6,5252	0,5991
6,5311	0,6070
6,5368	0,6149
6,5426	0,6227
6,5484	0,6305
6,5542	0,6383
6,5600	0,6460
6,5660	0,6536
6,5720	0,6612
6,5782	0,6687
6,5845	0,6760
6,5909	0,6833
6,5974	0,6905
6,6041	0,6975
6,6109	0,7044
6,6178	0,7111
6,6248	0,7177
6,6320	0,7240
6,6391	0,7302
6,6464	0,7361
6,6537	0,7418
6,6610	0,7473
6,6682	0,7525
6,6755	0,7575
6,6826	0,7622
6,6897	0,7666
6,6967	0,7706
6,7035	0,7744
6,7102	0,7779
6,7167	0,7811
6,7230	0,7839
6,7292	0,7864
6,7351	0,7886
6,7409	0,7905
6,7464	0,7920
6,7518	0,7932
6,7570	0,7941
6,7620	0,7946
6,7668	0,7949
6,7715	0,7948
6,7761	0,7944
6,7805	0,7937
6,7849	0,7927
6,7892	0,7914
6,7934	0,7898
6,7977	0,7880
6,8019	0,7858
6,8061	0,7834
6,8103	0,7807
6,8147	0,7778
6,8190	0,7746
6,8235	0,7712
6,8281	0,7675
6,8328	0,7636
6,8377	0,7595
6,8427	0,7551
6,8478	0,7505
6,8531	0,7457
6,8586	0,7406
6,8642	0,7354
6,8701	0,7299
6,8761	0,7242
6,8823	0,7183
6,8887	0,7122
6,8952	0,7059
6,9020	0,6994
6,9089	0,6927
6,9160	0,6858
6,9233	0,6787
6,9307	0,6715
6,9383	0,6640
6,9461	0,6564
6,9539	0,6486
6,9619	0,6407
6,9700	0,6326
6,9782	0,6244
6,9864	0,6161
6,9947	0,6077
7,0030	0,5991
7,0113	0,5905
7,0196	0,5818
7,0279	0,5730
7,0361	0,5642
7,0442	0,5554
7,0522	0,5466
7,0600	0,5377
7,0677	0,5289
7,0752	0,5201
7,0825	0,5114
7,0896	0,5027
7,0964	0,4941
7,1031	0,4856
7,1094	0,4773
7,1155	0,4690
7,1214	0,4609
7,1270	0,4529
7,1324	0,4451
7,1375	0,4374
7,1425	0,4300
7,1472	0,4227
7,1518	0,4156
7,1562	0,4088
7,1605	0,4021
7,1647	0,3957
7,1689	0,3895
7,1731	0,3835
7,1772	0,3777
7,1814	0,3722
7,1857	0,3670
7,1901	0,3619
7,1947	0,3571
7,1994	0,3526
7,2043	0,3483
7,2095	0,3443
7,2149	0,3405
7,2205	0,3370
7,2264	0,3337
7,2326	0,3307
7,2391	0,3280
7,2459	0,3255
7,2529	0,3233
7,2602	0,3213
7,2678	0,3197
7,2756	0,3183
7,2837	0,3172
7,2920	0,3163
7,3005	0,3157
7,3092	0,3155
7,3180	0,3154
7,3270	0,3157
7,3361	0,3163
7,3453	0,3171
7,3545	0,3182
7,3638	0,3196
7,3732	0,3212
7,3825	0,3232
7,3919	0,3253
7,4012	0,3278
7,4105	0,3305
7,4197	0,3334
7,4288	0,3366
7,4378	0,3400
7,4467	0,3436
7,4555	0,3475
7,4642	0,3515
7,4727	0,3557
7,4810	0,3602
7,4892	0,3647
7,4973	0,3695
7,5051	0,3744
7,5128	0,3794
7,5203	0,3846
7,5277	0,3899
7,5349	0,3953
7,5419	0,4009
7,5488	0,4065
7,5556	0,4122
7,5622	0,4180
7,5687	0,4239
7,5751	0,4299
7,5814	0,4360
7,5877	0,4421
7,5938	0,4483
7,5999	0,4546
7,6060	0,4609
7,6121	0,4674
7,6181	0,4738
7,6242	0,4804
7,6302	0,4870
7,6363	0,4937
7,6425	0,5004
7,6487	0,5073
7,6549	0,5141
7,6612	0,5211
7,6675	0,5281
7,6739	0,5351
7,6804	0,5422
7,6869	0,5494
7,6934	0,5566
7,7000	0,5639
7,7066	0,5711
7,7133	0,5784
7,7199	0,5858
7,7265	0,5931
7,7331	0,6005
7,7396	0,6078
7,7461	0,6152
7,7525	0,6225
7,7588	0,6297
7,7649	0,6370
7,7710	0,6442
7,7768	0,6513
7,7825	0,6583
7,7880	0,6653
7,7934	0,6721
7,7985	0,6789
7,8034	0,6855
7,8082	0,6920
7,8127	0,6983
7,8171	0,7045
7,8213	0,7105
7,8254	0,7164
7,8294	0,7220
7,8333	0,7275
7,8372	0,7328
7,8410	0,7378
7,8448	0,7426
7,8488	0,7472
7,8528	0,7515
7,8570	0,7556
7,8614	0,7594
7,8660	0,7629
7,8708	0,7662
7,8760	0,7691
7,8816	0,7718
7,8875	0,7742
7,8938	0,7763
7,9006	0,7781
7,9078	0,7796
7,9154	0,7808
7,9235	0,7816
7,9320	0,7822
7,9410	0,7824
7,9503	0,7824
7,9601	0,7820
7,9702	0,7813
7,9807	0,7802
7,9914	0,7789
8,0024	0,7773
8,0135	0,7753
8,0249	0,7731
8,0363	0,7706
8,0477	0,7677
8,0591	0,7646
8,0705	0,7612
8,0817	0,7576
8,0928	0,7537
8,1036	0,7495
8,1142	0,7450
8,1245	0,7404
8,1344	0,7355
8,1440	0,7303
8,1532	0,7250
8,1619	0,7194
8,1702	0,7136
8,1781	0,7077
8,1855	0,7016
8,1925	0,6953
8,1990	0,6888
8,2051	0,6822
8,2108	0,6754
8,2161	0,6685
8,2210	0,6615
8,2256	0,6544
8,2298	0,6472
8,2338	0,6399
8,2375	0,6325
8,2410	0,6251
8,2443	0,6176
8,2475	0,6100
8,2505	0,6024
8,2535	0,5948
8,2564	0,5872
8,2593	0,5795
8,2622	0,5718
8,2651	0,5642
8,2681	0,5565
8,2712	0,5489
8,2743	0,5413
8,2776	0,5337
8,2809	0,5262
8,2844	0,5187
8,2881	0,5112
8,2918	0,5039
8,2958	0,4965
8,2998	0,4893
8,3040	0,4822
8,3083	0,4751
8,3128	0,4681
8,3174	0,4612
8,3221	0,4545
8,3269	0,4478
8,3318	0,4413
8,3368	0,4349
8,3419	0,4286
8,3471	0,4224
8,3524	0,4165
8,3578	0,4106
8,3632	0,4049
8,3688	0,3994
8,3744	0,3941
8,3801	0,3889
8,3858	0,3839
8,3917	0,3791
8,3977	0,3745
8,4038	0,3700
8,4101	0,3658
8,4164	0,3617
8,4229	0,3579
8,4296	0,3543
8,4365	0,3508
8,4435	0,3476
8,4507	0,3446
8,4581	0,3418
8,4656	0,3392
8,4734	0,3368
8,4814	0,3346
8,4895	0,3327
8,4978	0,3310
8,5064	0,3294
8,5150	0,3281
8,5238	0,3271
8,5327	0,3262
8,5418	0,3256
8,5509	0,3252
8,5601	0,3250
8,5692	0,3251
8,5784	0,3254
8,5876	0,3259
8,5966	0,3267
8,6056	0,3277
8,6145	0,3290
8,6232	0,3306
8,6317	0,3324
8,6400	0,3344
8,6480	0,3367
8,6558	0,3393
8,6633	0,3421
8,6706	0,3451
8,6775	0,3484
8,6840	0,3520
8,6903	0,3558
8,6962	0,3599
8,7018	0,3642
8,7071	0,3687
8,7121	0,3734
8,7167	0,3784
8,7211	0,3836
8,7252	0,3889
8,7291	0,3945
8,7327	0,4002
8,7362	0,4061
8,7394	0,4121
8,7426	0,4183
8,7457	0,4246
8,7487	0,4310
8,7517	0,4376
8,7546	0,4442
8,7577	0,4510
8,7608	0,4578
8,7640	0,4647
8,7674	0,4716
8,7709	0,4786
8,7746	0,4856
8,7786	0,4926
8,7828	0,4997
8,7874	0,5068
8,7922	0,5139
8,7973	0,5209
8,8027	0,5280
8,8085	0,5351
8,8146	0,5421
8,8210	0,5491
8,8278	0,5562
8,8349	0,5631
8,8423	0,5701
8,8500	0,5770
8,8581	0,5839
8,8664	0,5907
8,8750	0,5976
8,8839	0,6043
8,8930	0,6111
8,9022	0,6178
8,9117	0,6244
8,9212	0,6310
8,9309	0,6376
8,9407	0,6441
8,9505	0,6505
8,9603	0,6569
8,9701	0,6632
8,9798	0,6694
8,9895	0,6756
8,9990	0,6816
9,0083	0,6876
9,0175	0,6934
9,0264	0,6991
9,0351	0,7047
9,0435	0,7101
9,0517	0,7154
9,0595	0,7206
9,0670	0,7255
9,0742	0,7303
9,0810	0,7349
9,0876	0,7392
9,0938	0,7434
9,0996	0,7473
9,1052	0,7510
9,1104	0,7544
9,1154	0,7576
9,1202	0,7605
9,1247	0,7632
9,1290	0,7656
9,1332	0,7677
9,1373	0,7695
9,1414	0,7711
9,1454	0,7724
9,1494	0,7734
9,1535	0,7741
9,1577	0,7745
9,1620	0,7746
9,1665	0,7745
9,1713	0,7741
9,1763	0,7734
9,1816	0,7724
9,1872	0,7712
9,1931	0,7697
9,1994	0,7680
9,2060	0,7660
9,2129	0,7637
9,2202	0,7612
9,2277	0,7585
9,2356	0,7556
9,2438	0,7524
9,2521	0,7490
9,2607	0,7454
9,2695	0,7416
9,2783	0,7376
9,2872	0,7333
9,2961	0,7289
9,3050	0,7243
9,3138	0,7196
9,3224	0,7146
9,3309	0,7095
9,3391	0,7042
9,3470	0,6987
9,3546	0,6931
9,3618	0,6874
9,3687	0,6815
9,3751	0,6755
9,3811	0,6693
9,3866	0,6631
9,3918	0,6567
9,3964	0,6502
9,4007	0,6436
9,4046	0,6370
9,4080	0,6302
9,4112	0,6234
9,4140	0,6165
9,4166	0,6096
9,4190	0,6027
9,4213	0,5957
9,4235	0,5887
9,4256	0,5817
9,4278	0,5747
9,4300	0,5677
9,4325	0,5607
9,4351	0,5537
9,4380	0,5468
9,4412	0,5399
9,4448	0,5331
9,4488	0,5264
9,4533	0,5196
9,4582	0,5130
9,4636	0,5064
9,4696	0,4999
9,4760	0,4935
9,4830	0,4871
9,4905	0,4809
9,4984	0,4747
9,5069	0,4686
9,5157	0,4626
9,5250	0,4567
9,5347	0,4508
9,5447	0,4451
9,5549	0,4394
9,5654	0,4338
9,5760	0,4284
9,5868	0,4230
9,5976	0,4176
9,6084	0,4124
9,6192	0,4073
9,6298	0,4023
9,6403	0,3973
9,6506	0,3925
9,6607	0,3878
9,6705	0,3831
9,6799	0,3786
9,6891	0,3742
9,6978	0,3700
9,7062	0,3658
9,7142	0,3618
9,7217	0,3580
9,7289	0,3542
9,7356	0,3507
9,7420	0,3473
9,7479	0,3441
9,7534	0,3411
9,7586	0,3382
9,7634	0,3356
9,7679	0,3332
9,7721	0,3310
9,7761	0,3290
9,7798	0,3273
9,7832	0,3258
9,7866	0,3245
9,7898	0,3236
9,7928	0,3228
9,7958	0,3224
9,7988	0,3222
9,8018	0,3222
9,8048	0,3226
9,8078	0,3232
9,8110	0,3241
9,8143	0,3252
9,8177	0,3267
9,8213	0,3284
9,8252	0,3303
9,8292	0,3326
9,8335	0,3350
9,8380	0,3378
9,8429	0,3407
9,8480	0,3439
9,8534	0,3473
9,8591	0,3510
9,8652	0,3548
9,8715	0,3588
9,8782	0,3630
9,8852	0,3674
9,8925	0,3719
9,9001	0,3766
9,9080	0,3814
9,9161	0,3864
9,9246	0,3914
9,9333	0,3965
9,9422	0,4018
9,9513	0,4071
9,9605	0,4125
9,9700	0,4179
9,9795	0,4234
9,9892	0,4290
9,9989	0,4346
10,0087	0,4402
10,0185	0,4459
10,0282	0,4516
10,0379	0,4574
10,0475	0,4632
10,0571	0,4690
10,0664	0,4749
10,0757	0,4809
10,0847	0,4868
10,0936	0,4929
10,1022	0,4990
10,1106	0,5051
10,1187	0,5114
10,1266	0,5177
10,1343	0,5240
10,1417	0,5305
10,1489	0,5370
10,1558	0,5437
10,1625	0,5504
10,1690	0,5572
10,1753	0,5641
10,1814	0,5711
10,1873	0,5782
10,1932	0,5854
10,1989	0,5926
10,2045	0,5999
10,2101	0,6073
10,2157	0,6147
10,2213	0,6221
10,2269	0,6296
10,2325	0,6370
10,2383	0,6444
10,2441	0,6518
10,2501	0,6591
10,2561	0,6663
10,2624	0,6735
10,2687	0,6805
10,2753	0,6873
10,2820	0,6940
10,2889	0,7005
10,2960	0,7068
10,3032	0,7129
10,3106	0,7187
10,3182	0,7242
10,3260	0,7295
10,3339	0,7345
10,3419	0,7392
10,3501	0,7435
10,3583	0,7475
10,3667	0,7512
10,3752	0,7546
10,3837	0,7576
10,3923	0,7603
10,4009	0,7627
10,4095	0,7647
10,4181	0,7664
10,4267	0,7678
10,4353	0,7689
10,4438	0,7697
10,4522	0,7702
10,4606	0,7704
10,4688	0,7704
10,4769	0,7702
10,4848	0,7697
10,4926	0,7689
10,5002	0,7680
10,5076	0,7669
10,5148	0,7656
10,5218	0,7641
10,5286	0,7625
10,5351	0,7608
10,5413	0,7588
10,5473	0,7568
10,5531	0,7546
10,5586	0,7523
10,5639	0,7499
10,5689	0,7473
10,5737	0,7446
10,5783	0,7418
10,5827	0,7389
10,5869	0,7359
10,5909	0,7327
10,5948	0,7294
10,5985	0,7260
10,6021	0,7224
10,6056	0,7186
10,6091	0,7147
10,6125	0,7107
10,6160	0,7065
10,6194	0,7021
10,6228	0,6976
10,6262	0,6929
10,6298	0,6880
10,6333	0,6829
10,6370	0,6777
10,6408	0,6723
10,6446	0,6667
10,6486	0,6609
10,6526	0,6550
10,6568	0,6489
10,6610	0,6426
10,6654	0,6362
10,6698	0,6296
10,6744	0,6229
10,6790	0,6161
10,6837	0,6091
10,6884	0,6020
10,6932	0,5949
10,6981	0,5876
10,7030	0,5803
10,7079	0,5729
10,7129	0,5654
10,7179	0,5580
10,7230	0,5504
10,7281	0,5429
10,7332	0,5354
10,7384	0,5279
10,7437	0,5204
10,7490	0,5130
10,7545	0,5056
10,7600	0,4983
10,7657	0,4910
10,7716	0,4838
10,7775	0,4768
10,7837	0,4698
10,7901	0,4629
10,7966	0,4562
10,8034	0,4496
10,8104	0,4431
10,8176	0,4367
10,8250	0,4305
10,8327	0,4245
10,8406	0,4186
10,8486	0,4128
10,8569	0,4072
10,8653	0,4018
10,8739	0,3966
10,8826	0,3915
10,8914	0,3866
10,9002	0,3819
10,9090	0,3774
10,9178	0,3730
10,9266	0,3689
10,9352	0,3649
10,9437	0,3612
10,9520	0,3576
10,9601	0,3543
10,9679	0,3511
10,9755	0,3482
10,9827	0,3455
10,9896	0,3430
10,9962	0,3408
11,0024	0,3388
11,0082	0,3370
11,0136	0,3354
11,0186	0,3341
11,0233	0,3330
11,0276	0,3322
11,0315	0,3315
11,0352	0,3311
11,0385	0,3310
11,0416	0,3310
11,0444	0,3312
11,0471	0,3317
11,0496	0,3324
11,0519	0,3333
11,0542	0,3343
11,0565	0,3356
11,0587	0,3370
11,0610	0,3387
11,0634	0,3404
11,0659	0,3424
11,0686	0,3445
11,0715	0,3468
11,0746	0,3492
11,0779	0,3517
11,0815	0,3544
11,0854	0,3572
11,0896	0,3602
11,0941	0,3633
11,0989	0,3665
11,1040	0,3699
11,1094	0,3734
11,1151	0,3770
11,1211	0,3808
11,1273	0,3847
11,1338	0,3887
11,1405	0,3929
11,1474	0,3972
11,1544	0,4017
11,1616	0,4063
11,1690	0,4111
11,1764	0,4160
11,1839	0,4211
11,1915	0,4263
11,1991	0,4317
11,2067	0,4373
11,2144	0,4430
11,2220	0,4489
11,2297	0,4549
11,2373	0,4611
11,2449	0,4675
11,2526	0,4740
11,2602	0,4806
11,2678	0,4874
11,2754	0,4943
11,2830	0,5013
11,2907	0,5085
11,2984	0,5157
11,3062	0,5231
11,3141	0,5305
11,3221	0,5380
11,3302	0,5455
11,3384	0,5531
11,3467	0,5607
11,3552	0,5683
11,3639	0,5760
11,3727	0,5836
11,3817	0,5911
11,3908	0,5986
11,4001	0,6060
11,4095	0,6134
11,4191	0,6207
11,4288	0,6278
11,4386	0,6348
11,4485	0,6417
11,4585	0,6485
11,4685	0,6551
11,4785	0,6616
11,4884	0,6678
11,4984	0,6739
11,5082	0,6798
11,5179	0,6856
11,5275	0,6911
11,5369	0,6965
11,5461	0,7016
11,5550	0,7066
11,5636	0,7113
11,5720	0,7159
11,5800	0,7203
11,5877	0,7245
11,5951	0,7285
11,6020	0,7323
11,6086	0,7360
11,6149	0,7394
11,6207	0,7427
11,6262	0,7459
11,6314	0,7488
11,6362	0,7517
11,6407	0,7543
11,6449	0,7568
11,6488	0,7592
11,6524	0,7614
11,6559	0,7635
11,6592	0,7654
11,6623	0,7673
11,6653	0,7689
11,6682	0,7705
11,6711	0,7719
11,6739	0,7732
11,6768	0,7744
11,6797	0,7754
11,6827	0,7763
11,6858	0,7770
11,6890	0,7776
11,6924	0,7780
11,6959	0,7783
11,6996	0,7784
11,7035	0,7783
11,7076	0,7780
11,7119	0,7775
11,7165	0,7768
11,7212	0,7759
11,7261	0,7748
11,7312	0,7735
11,7365	0,7719
11,7420	0,7700
11,7476	0,7679
11,7534	0,7655
11,7592	0,7628
11,7653	0,7598
11,7714	0,7566
11,7776	0,7531
11,7838	0,7492
11,7902	0,7451
11,7966	0,7407
11,8030	0,7359
11,8095	0,7309
11,8160	0,7256
11,8225	0,7201
11,8290	0,7143
11,8356	0,7082
11,8422	0,7018
11,8489	0,6953
11,8556	0,6885
11,8623	0,6815
11,8690	0,6743
11,8758	0,6670
11,8825	0,6595
11,8893	0,6518
11,8961	0,6441
11,9029	0,6363
11,9097	0,6283
11,9164	0,6204
11,9230	0,6124
11,9296	0,6044
11,9360	0,5964
11,9423	0,5885
11,9484	0,5805
11,9542	0,5727
11,9599	0,5650
11,9652	0,5573
11,9703	0,5498
11,9750	0,5425
11,9794	0,5353
11,9834	0,5283
11,9871	0,5214
11,9905	0,5148
11,9935	0,5084
11,9962	0,5022
11,9985	0,4963
12,0007	0,4905
12,0026	0,4850
12,0043	0,4798
12,0060	0,4748
12,0076	0,4701
12,0092	0,4656
12,0110	0,4613
12,0129	0,4573
12,0152	0,4535
12,0178	0,4499
12,0208	0,4465
12,0243	0,4433
12,0284	0,4402
12,0332	0,4374
12,0387	0,4346
12,0449	0,4320
12,0520	0,4295
12,0598	0,4271
12,0685	0,4247
12,0780	0,4224
12,0883	0,4201
12,0995	0,4178
12,1113	0,4155
12,1239	0,4131
12,1371	0,4108
12,1509	0,4083
12,1651	0,4059
12,1797	0,4033
12,1947	0,4006
12,2098	0,3979
12,2250	0,3951
12,2402	0,3922
12,2552	0,3892
12,2700	0,3861
12,2845	0,3830
12,2985	0,3798
12,3121	0,3765
12,3250	0,3732
12,3373	0,3699
12,3488	0,3666
12,3596	0,3633
12,3695	0,3601
12,3786	0,3569
12,3869	0,3538
12,3942	0,3508
12,4007	0,3480
12,4064	0,3454
12,4112	0,3429
12,4153	0,3406
12,4186	0,3386
12,4213	0,3369
12,4233	0,3355
12,4247	0,3344
12,4257	0,3336
12,4262	0,3331
12,4264	0,3331
12,4263	0,3334
12,4261	0,3341
12,4257	0,3352
12,4253	0,3366
12,4249	0,3385
12,4247	0,3408
12,4246	0,3434
12,4248	0,3465
12,4253	0,3499
12,4261	0,3536
12,4273	0,3577
12,4290	0,3621
12,4311	0,3668
12,4336	0,3718
12,4367	0,3770
12,4402	0,3825
12,4442	0,3882
12,4487	0,3940
12,4537	0,4000
12,4592	0,4062
12,4650	0,4124
12,4713	0,4187
12,4779	0,4251
12,4848	0,4315
12,4921	0,4379
12,4996	0,4443
12,5073	0,4507
12,5151	0,4571
12,5231	0,4634
12,5311	0,4697
12,5392	0,4759
12,5473	0,4820
12,5553	0,4881
12,5633	0,4941
12,5711	0,5000
12,5788	0,5058
12,5863	0,5116
12,5936	0,5173
12,6006	0,5230
12,6073	0,5286
12,6138	0,5343
12,6199	0,5398
12,6257	0,5454
12,6311	0,5510
12,6361	0,5566
12,6407	0,5623
12,6450	0,5680
12,6488	0,5737
12,6522	0,5795
12,6552	0,5854
12,6578	0,5913
12,6600	0,5973
12,6618	0,6034
12,6633	0,6096
12,6644	0,6159
12,6652	0,6223
12,6658	0,6287
12,6661	0,6352
12,6663	0,6418
12,6663	0,6484
12,6662	0,6550
12,6661	0,6616
12,6660	0,6683
12,6660	0,6749
12,6662	0,6814
12,6665	0,6879
12,6672	0,6943
12,6682	0,7006
12,6697	0,7068
12,6716	0,7127
12,6740	0,7185
12,6770	0,7241
12,6807	0,7295
12,6850	0,7346
12,6900	0,7395
12,6957	0,7440
12,7022	0,7483
12,7095	0,7523
12,7175	0,7559
12,7262	0,7592
12,7357	0,7622
12,7458	0,7648
12,7567	0,7671
12,7681	0,7690
12,7801	0,7706
12,7926	0,7719
12,8055	0,7728
12,8187	0,7734
12,8323	0,7738
12,8460	0,7738
12,8598	0,7735
12,8736	0,7730
12,8873	0,7723
12,9009	0,7713
12,9142	0,7702
12,9272	0,7688
12,9398	0,7673
12,9519	0,7657
12,9635	0,7639
12,9745	0,7620
12,9849	0,7600
12,9946	0,7579
13,0037	0,7558
13,0120	0,7536
13,0196	0,7514
13,0264	0,7491
13,0326	0,7469
13,0380	0,7446
13,0428	0,7423
13,0470	0,7399
13,0505	0,7376
13,0535	0,7352
13,0560	0,7328
13,0580	0,7304
13,0597	0,7279
13,0610	0,7254
13,0621	0,7228
13,0630	0,7201
13,0637	0,7173
13,0643	0,7143
13,0650	0,7113
13,0657	0,7080
13,0665	0,7046
13,0675	0,7010
13,0688	0,6972
13,0703	0,6932
13,0721	0,6889
13,0744	0,6843
13,0770	0,6795
13,0801	0,6743
13,0836	0,6689
13,0876	0,6632
13,0922	0,6572
13,0972	0,6508
13,1028	0,6442
13,1089	0,6372
13,1156	0,6300
13,1227	0,6224
13,1304	0,6146
13,1385	0,6065
13,1471	0,5982
13,1560	0,5897
13,1654	0,5810
13,1751	0,5722
13,1851	0,5632
13,1953	0,5541
13,2057	0,5449
13,2163	0,5357
13,2270	0,5265
13,2378	0,5173
13,2486	0,5081
13,2593	0,4991
13,2700	0,4902
13,2806	0,4815
13,2910	0,4730
13,3012	0,4646
13,3111	0,4566
13,3209	0,4488
13,3303	0,4413
13,3395	0,4341
13,3483	0,4273
13,3568	0,4207
13,3650	0,4146
13,3728	0,4088
13,3803	0,4033
13,3875	0,3982
13,3944	0,3935
13,4010	0,3891
13,4072	0,3851
13,4132	0,3814
13,4189	0,3780
13,4244	0,3749
13,4296	0,3721
13,4347	0,3695
13,4395	0,3672
13,4441	0,3651
13,4486	0,3633
13,4530	0,3616
13,4572	0,3601
13,4613	0,3587
13,4653	0,3575
13,4693	0,3564
13,4731	0,3553
13,4769	0,3544
13,4807	0,3535
13,4845	0,3526
13,4883	0,3518
13,4921	0,3511
13,4959	0,3503
13,4997	0,3496
13,5036	0,3489
13,5076	0,3482
13,5117	0,3475
13,5159	0,3468
13,5202	0,3461
13,5247	0,3455
13,5293	0,3449
13,5341	0,3443
13,5391	0,3438
13,5443	0,3433
13,5497	0,3429
13,5554	0,3425
13,5614	0,3422
13,5676	0,3420
13,5740	0,3420
13,5808	0,3420
13,5878	0,3421
13,5951	0,3424
13,6026	0,3428
13,6104	0,3433
13,6185	0,3440
13,6267	0,3449
13,6352	0,3460
13,6439	0,3472
13,6527	0,3486
13,6616	0,3502
13,6707	0,3521
13,6798	0,3541
13,6889	0,3563
13,6981	0,3588
13,7071	0,3615
13,7161	0,3644
13,7250	0,3675
13,7337	0,3708
13,7422	0,3744
13,7505	0,3782
13,7585	0,3822
13,7662	0,3864
13,7736	0,3908
13,7807	0,3955
13,7874	0,4003
13,7937	0,4053
13,7997	0,4106
13,8052	0,4159
13,8104	0,4215
13,8152	0,4272
13,8197	0,4331
13,8237	0,4390
13,8275	0,4451
13,8309	0,4513
13,8340	0,4576
13,8368	0,4640
13,8394	0,4705
13,8417	0,4770
13,8439	0,4835
13,8460	0,4901
13,8480	0,4967
13,8499	0,5033
13,8518	0,5098
13,8537	0,5164
13,8557	0,5230
13,8578	0,5295
13,8601	0,5360
13,8624	0,5424
13,8650	0,5488
13,8678	0,5551
13,8709	0,5613
13,8741	0,5675
13,8777	0,5737
13,8815	0,5797
13,8855	0,5857
13,8898	0,5916
13,8944	0,5975
13,8991	0,6032
13,9041	0,6090
13,9092	0,6146
13,9145	0,6202
13,9199	0,6257
13,9254	0,6311
13,9309	0,6364
13,9364	0,6417
13,9419	0,6469
13,9474	0,6521
13,9527	0,6571
13,9579	0,6621
13,9630	0,6670
13,9678	0,6718
13,9725	0,6766
13,9770	0,6812
13,9812	0,6857
13,9853	0,6902
13,9891	0,6945
13,9927	0,6987
13,9961	0,7028
13,9993	0,7068
14,0024	0,7106
14,0053	0,7143
14,0081	0,7179
14,0108	0,7213
14,0136	0,7245
14,0163	0,7276
14,0191	0,7305
14,0220	0,7332
14,0250	0,7357
14,0282	0,7381
14,0316	0,7402
14,0353	0,7422
14,0393	0,7440
14,0436	0,7455
14,0483	0,7468
14,0534	0,7480
14,0589	0,7489
14,0649	0,7496
14,0713	0,7500
14,0782	0,7503
14,0855	0,7503
14,0934	0,7502
14,1017	0,7498
14,1105	0,7492
14,1197	0,7484
14,1293	0,7474
14,1394	0,7462
14,1498	0,7448
14,1605	0,7433
14,1716	0,7415
14,1829	0,7396
14,1944	0,7376
14,2061	0,7353
14,2179	0,7330
14,2298	0,7305
14,2417	0,7279
14,2535	0,7252
14,2653	0,7224
14,2769	0,7195
14,2884	0,7165
14,2996	0,7134
14,3105	0,7103
14,3211	0,7071
14,3313	0,7038
14,3412	0,7005
14,3506	0,6971
14,3597	0,6937
14,3683	0,6903
14,3765	0,6868
14,3842	0,6833
14,3915	0,6797
14,3984	0,6761
14,4050	0,6725
14,4111	0,6688
14,4170	0,6651
14,4226	0,6613
14,4280	0,6575
14,4333	0,6535
14,4384	0,6496
14,4435	0,6455
14,4486	0,6414
14,4538	0,6373
14,4591	0,6330
14,4647	0,6286
14,4704	0,6242
14,4765	0,6197
14,4829	0,6150
14,4897	0,6103
14,4970	0,6055
14,5046	0,6006
14,5127	0,5956
14,5213	0,5906
14,5303	0,5854
14,5398	0,5801
14,5497	0,5748
14,5600	0,5694
14,5707	0,5639
14,5817	0,5584
14,5929	0,5528
14,6043	0,5472
14,6158	0,5415
14,6273	0,5358
14,6389	0,5300
14,6503	0,5243
14,6615	0,5185
14,6725	0,5127
14,6831	0,5069
14,6933	0,5012
14,7030	0,4954
14,7121	0,4897
14,7206	0,4840
14,7285	0,4784
14,7357	0,4728
14,7421	0,4673
14,7478	0,4618
14,7527	0,4564
14,7568	0,4512
14,7601	0,4459
14,7627	0,4408
14,7646	0,4358
14,7658	0,4309
14,7663	0,4261
14,7662	0,4214
14,7656	0,4168
14,7646	0,4124
14,7631	0,4081
14,7613	0,4039
14,7593	0,3999
14,7572	0,3959
14,7549	0,3922
14,7526	0,3885
14,7505	0,3851
14,7484	0,3817
14,7466	0,3785
14,7451	0,3755
14,7439	0,3726
14,7432	0,3699
14,7429	0,3673
14,7430	0,3649
14,7437	0,3626
14,7450	0,3605
14,7468	0,3585
14,7492	0,3566
14,7521	0,3549
14,7557	0,3533
14,7598	0,3519
14,7645	0,3506
14,7697	0,3494
14,7755	0,3483
14,7817	0,3474
14,7885	0,3466
14,7956	0,3458
14,8032	0,3452
14,8111	0,3447
14,8194	0,3443
14,8280	0,3441
14,8369	0,3439
14,8460	0,3438
14,8553	0,3438
14,8648	0,3440
14,8744	0,3442
14,8841	0,3446
14,8940	0,3451
14,9038	0,3457
14,9137	0,3465
14,9236	0,3474
14,9335	0,3484
14,9433	0,3496
14,9530	0,3510
14,9626	0,3526
14,9721	0,3543
14,9814	0,3562
14,9904	0,3584
14,9993	0,3607
15,0079	0,3632
15,0162	0,3660
15,0242	0,3690
15,0319	0,3722
15,0392	0,3756
15,0461	0,3793
15,0527	0,3832
15,0589	0,3873
15,0646	0,3916
15,0700	0,3962
15,0749	0,4009
15,0794	0,4059
15,0835	0,4111
15,0873	0,4164
15,0906	0,4219
15,0936	0,4276
15,0963	0,4334
15,0987	0,4394
15,1008	0,4455
15,1028	0,4517
15,1045	0,4579
15,1062	0,4643
15,1079	0,4707
15,1095	0,4771
15,1113	0,4835
15,1131	0,4900
15,1152	0,4965
15,1175	0,5029
15,1201	0,5093
15,1231	0,5157
15,1265	0,5220
15,1303	0,5282
15,1347	0,5344
15,1396	0,5405
15,1451	0,5465
15,1512	0,5525
15,1579	0,5583
15,1653	0,5641
15,1732	0,5698
15,1818	0,5754
15,1910	0,5809
15,2007	0,5864
15,2110	0,5918
15,2217	0,5971
15,2328	0,6024
15,2444	0,6076
15,2562	0,6128
15,2682	0,6179
15,2804	0,6231
15,2927	0,6282
15,3050	0,6333
15,3171	0,6384
15,3291	0,6435
15,3408	0,6485
15,3522	0,6536
15,3631	0,6587
15,3735	0,6638
15,3834	0,6689
15,3926	0,6740
15,4011	0,6791
15,4089	0,6841
15,4159	0,6892
15,4221	0,6942
15,4275	0,6991
15,4320	0,7040
15,4357	0,7088
15,4386	0,7136
15,4408	0,7182
15,4422	0,7227
15,4429	0,7271
15,4429	0,7314
15,4424	0,7355
15,4414	0,7394
15,4401	0,7431
15,4384	0,7466
15,4365	0,7499
15,4345	0,7530
15,4325	0,7558
15,4306	0,7584
15,4289	0,7607
15,4275	0,7627
15,4265	0,7645
15,4261	0,7660
15,4262	0,7672
15,4271	0,7681
15,4287	0,7687
15,4311	0,7690
15,4344	0,7691
15,4386	0,7688
15,4438	0,7684
15,4500	0,7676
15,4571	0,7666
15,4652	0,7654
15,4742	0,7639
15,4841	0,7623
15,4949	0,7604
15,5065	0,7584
15,5189	0,7562
15,5319	0,7539
15,5455	0,7514
15,5595	0,7488
15,5740	0,7462
15,5887	0,7434
15,6036	0,7406
15,6185	0,7377
15,6335	0,7348
15,6482	0,7319
15,6627	0,7289
15,6769	0,7259
15,6906	0,7230
15,7038	0,7200
15,7164	0,7170
15,7282	0,7141
15,7394	0,7112
15,7497	0,7082
15,7592	0,7053
15,7679	0,7024
15,7757	0,6995
15,7826	0,6965
15,7886	0,6935
15,7938	0,6905
15,7981	0,6875
15,8017	0,6843
15,8045	0,6811
15,8067	0,6778
15,8082	0,6744
15,8093	0,6709
15,8098	0,6672
15,8100	0,6634
15,8098	0,6595
15,8095	0,6553
15,8091	0,6510
15,8086	0,6465
15,8082	0,6418
15,8079	0,6369
15,8078	0,6318
15,8081	0,6265
15,8087	0,6210
15,8097	0,6154
15,8112	0,6095
15,8132	0,6034
15,8158	0,5972
15,8189	0,5909
15,8227	0,5844
15,8271	0,5777
15,8322	0,5710
15,8378	0,5642
15,8441	0,5573
15,8509	0,5504
15,8583	0,5434
15,8662	0,5365
15,8746	0,5296
15,8834	0,5227
15,8926	0,5158
15,9021	0,5091
15,9119	0,5024
15,9218	0,4959
15,9319	0,4895
15,9420	0,4832
15,9522	0,4772
15,9623	0,4712
15,9723	0,4655
15,9821	0,4600
15,9917	0,4546
16,0010	0,4495
16,0100	0,4445
16,0187	0,4398
16,0270	0,4352
16,0349	0,4309
16,0424	0,4267
16,0494	0,4227
16,0560	0,4190
16,0622	0,4154
16,0680	0,4119
16,0733	0,4086
16,0783	0,4055
16,0829	0,4025
16,0872	0,3997
16,0912	0,3969
