-0,5085	0,4799
-0,4986	0,4697
-0,4890	0,4596
-0,4798	0,4496
-0,4708	0,4399
-0,4623	0,4303
-0,4541	0,4210
-0,4463	0,4118
-0,4389	0,4030
-0,4320	0,3943
-0,4255	0,3860
-0,4194	0,3780
-0,4138	0,3702
-0,4085	0,3628
-0,4037	0,3557
-0,3993	0,3490
-0,3952	0,3426
-0,3914	0,3366
-0,3880	0,3309
-0,3848	0,3256
-0,3819	0,3207
-0,3791	0,3162
-0,3766	0,3120
-0,3742	0,3083
-0,3718	0,3050
-0,3695	0,3020
-0,3673	0,2995
-0,3650	0,2974
-0,3626	0,2957
-0,3601	0,2944
-0,3575	0,2936
-0,3547	0,2931
-0,3517	0,2931
-0,3485	0,2935
-0,3450	0,2943
-0,3412	0,2955
-0,3371	0,2972
-0,3326	0,2992
-0,3278	0,3017
-0,3226	0,3046
-0,3170	0,3079
-0,3110	0,3117
-0,3046	0,3158
-0,2978	0,3203
-0,2906	0,3252
-0,2830	0,3304
-0,2749	0,3360
-0,2665	0,3420
-0,2578	0,3483
-0,2487	0,3550
-0,2393	0,3619
-0,2296	0,3691
-0,2196	0,3766
-0,2094	0,3844
-0,1990	0,3924
-0,1884	0,4006
-0,1777	0,4091
-0,1669	0,4177
-0,1561	0,4264
-0,1452	0,4353
-0,1344	0,4443
-0,1236	0,4534
-0,1129	0,4626
-0,1023	0,4719
-0,0918	0,4812
-0,0814	0,4905
-0,0712	0,4998
-0,0612	0,5091
-0,0513	0,5183
-0,0416	0,5276
-0,0321	0,5367
-0,0227	0,5458
-0,0135	0,5548
-0,0044	0,5637
0,0046	0,5725
0,0136	0,5812
0,0224	0,5898
0,0313	0,5982
0,0401	0,6065
0,0489	0,6147
0,0578	0,6227
0,0667	0,6305
0,0757	0,6382
0,0848	0,6457
0,0940	0,6531
0,1033	0,6603
0,1127	0,6673
0,1223	0,6742
0,1319	0,6809
0,1415	0,6874
0,1513	0,6937
0,1611	0,6998
0,1708	0,7057
0,1806	0,7114
0,1903	0,7170
0,1999	0,7223
0,2094	0,7274
0,2187	0,7322
0,2278	0,7368
0,2366	0,7412
0,2452	0,7453
0,2535	0,7492
0,2614	0,7528
0,2690	0,7560
0,2762	0,7590
0,2831	0,7617
0,2895	0,7640
0,2955	0,7660
0,3012	0,7676
0,3065	0,7688
0,3115	0,7697
0,3161	0,7701
0,3204	0,7702
0,3245	0,7698
0,3283	0,7690
0,3319	0,7677
0,3354	0,7661
0,3387	0,7639
0,3420	0,7613
0,3452	0,7583
0,3484	0,7548
0,3517	0,7509
0,3550	0,7465
0,3585	0,7417
0,3620	0,7365
0,3657	0,7309
0,3696	0,7248
0,3736	0,7184
0,3778	0,7117
0,3821	0,7046
0,3866	0,6971
0,3913	0,6894
0,3962	0,6814
0,4011	0,6732
0,4062	0,6647
0,4114	0,6560
0,4167	0,6471
0,4221	0,6381
0,4274	0,6290
0,4329	0,6197
0,4383	0,6104
0,4437	0,6010
0,4492	0,5915
0,4546	0,5820
0,4599	0,5726
0,4652	0,5631
0,4705	0,5536
0,4758	0,5442
0,4810	0,5349
0,4862	0,5256
0,4913	0,5163
0,4965	0,5072
0,5016	0,4981
0,5068	0,4891
0,5120	0,4802
0,5173	0,4714
0,5226	0,4627
0,5280	0,4542
0,5334	0,4457
0,5390	0,4373
0,5447	0,4290
0,5505	0,4209
0,5565	0,4129
0,5627	0,4050
0,5690	0,3972
0,5754	0,3896
0,5821	0,3821
0,5889	0,3748
0,5960	0,3677
0,6032	0,3607
0,6106	0,3540
0,6182	0,3474
0,6260	0,3411
0,6340	0,3350
0,6422	0,3291
0,6506	0,3235
0,6592	0,3182
0,6679	0,3132
0,6767	0,3085
0,6858	0,3041
0,6949	0,3000
0,7042	0,2964
0,7136	0,2930
0,7230	0,2901
0,7326	0,2876
0,7421	0,2854
0,7517	0,2837
0,7612	0,2824
0,7707	0,2815
0,7801	0,2810
0,7894	0,2809
0,7985	0,2813
0,8074	0,2821
0,8161	0,2833
0,8245	0,2849
0,8326	0,2869
0,8403	0,2894
0,8477	0,2922
0,8546	0,2954
0,8611	0,2990
0,8671	0,3030
0,8726	0,3074
0,8776	0,3121
0,8821	0,3172
0,8861	0,3226
0,8896	0,3283
0,8926	0,3343
0,8951	0,3406
0,8971	0,3473
0,8988	0,3542
0,9000	0,3613
0,9009	0,3688
0,9015	0,3764
0,9018	0,3843
0,9020	0,3924
0,9021	0,4007
0,9020	0,4092
0,9020	0,4179
0,9021	0,4267
0,9024	0,4356
0,9028	0,4447
0,9036	0,4538
0,9046	0,4631
0,9061	0,4724
0,9081	0,4817
0,9106	0,4911
0,9137	0,5005
0,9174	0,5099
0,9218	0,5192
0,9268	0,5285
0,9326	0,5378
0,9390	0,5470
0,9462	0,5561
0,9541	0,5651
0,9627	0,5740
0,9720	0,5828
0,9819	0,5914
0,9925	0,5999
1,0036	0,6082
1,0152	0,6164
1,0273	0,6244
1,0398	0,6323
1,0526	0,6399
1,0657	0,6474
1,0790	0,6547
1,0925	0,6618
1,1060	0,6687
1,1195	0,6755
1,1330	0,6820
1,1463	0,6883
1,1594	0,6944
1,1724	0,7004
1,1851	0,7061
1,1975	0,7115
1,2095	0,7168
1,2212	0,7218
1,2326	0,7266
1,2436	0,7312
1,2542	0,7355
1,2644	0,7395
1,2744	0,7433
1,2840	0,7468
1,2933	0,7500
1,3024	0,7530
1,3112	0,7556
1,3199	0,7580
1,3284	0,7600
1,3368	0,7617
1,3451	0,7631
1,3534	0,7642
1,3617	0,7650
1,3701	0,7654
1,3785	0,7654
1,3870	0,7651
1,3957	0,7645
1,4045	0,7635
1,4134	0,7622
1,4225	0,7606
1,4317	0,7586
1,4411	0,7562
1,4505	0,7535
1,4601	0,7505
1,4697	0,7472
1,4794	0,7435
1,4891	0,7396
1,4987	0,7353
1,5082	0,7307
1,5177	0,7258
1,5269	0,7206
1,5359	0,7152
1,5447	0,7095
1,5531	0,7035
1,5612	0,6972
1,5689	0,6907
1,5762	0,6839
1,5831	0,6769
1,5895	0,6697
1,5954	0,6622
1,6009	0,6546
1,6059	0,6467
1,6104	0,6386
1,6145	0,6303
1,6182	0,6218
1,6216	0,6132
1,6246	0,6044
1,6273	0,5954
1,6298	0,5863
1,6321	0,5771
1,6343	0,5677
1,6365	0,5582
1,6386	0,5487
1,6409	0,5390
1,6433	0,5293
1,6459	0,5195
1,6488	0,5097
1,6520	0,4999
1,6556	0,4901
1,6597	0,4803
1,6642	0,4705
1,6693	0,4608
1,6750	0,4512
1,6812	0,4417
1,6881	0,4323
1,6956	0,4231
1,7037	0,4140
1,7124	0,4051
1,7218	0,3964
1,7317	0,3879
1,7422	0,3797
1,7532	0,3718
1,7647	0,3641
1,7766	0,3568
1,7888	0,3498
1,8014	0,3431
1,8142	0,3368
1,8271	0,3309
1,8401	0,3253
1,8531	0,3202
1,8660	0,3154
1,8787	0,3111
1,8912	0,3072
1,9033	0,3037
1,9150	0,3006
1,9262	0,2980
1,9369	0,2958
1,9469	0,2941
1,9562	0,2928
1,9648	0,2919
1,9726	0,2914
1,9797	0,2914
1,9859	0,2917
1,9913	0,2925
1,9959	0,2936
1,9997	0,2951
2,0027	0,2970
2,0050	0,2992
2,0065	0,3018
2,0074	0,3047
2,0077	0,3078
2,0074	0,3113
2,0068	0,3151
2,0057	0,3191
2,0044	0,3234
2,0030	0,3280
2,0014	0,3327
1,9999	0,3377
1,9984	0,3428
1,9972	0,3482
1,9964	0,3537
1,9959	0,3595
1,9959	0,3653
1,9965	0,3714
1,9977	0,3775
1,9997	0,3838
2,0024	0,3903
2,0059	0,3968
2,0102	0,4035
2,0155	0,4103
2,0216	0,4172
2,0286	0,4242
2,0364	0,4313
2,0451	0,4385
2,0546	0,4458
2,0648	0,4532
2,0758	0,4607
2,0874	0,4682
2,0996	0,4759
2,1122	0,4836
2,1253	0,4914
2,1388	0,4992
2,1525	0,5071
2,1663	0,5151
2,1803	0,5231
2,1942	0,5312
2,2080	0,5393
2,2217	0,5475
2,2351	0,5557
2,2482	0,5638
2,2609	0,5720
2,2732	0,5802
2,2850	0,5884
2,2962	0,5965
2,3069	0,6046
2,3170	0,6127
2,3265	0,6206
2,3353	0,6285
2,3436	0,6363
2,3512	0,6440
2,3582	0,6515
2,3646	0,6589
2,3705	0,6661
2,3759	0,6732
2,3808	0,6800
2,3853	0,6866
2,3893	0,6930
2,3931	0,6992
2,3965	0,7051
2,3998	0,7107
2,4028	0,7160
2,4058	0,7211
2,4087	0,7258
2,4115	0,7302
2,4144	0,7342
2,4175	0,7379
2,4206	0,7413
2,4240	0,7443
2,4276	0,7469
2,4315	0,7492
2,4357	0,7511
2,4403	0,7526
2,4452	0,7537
2,4505	0,7545
2,4563	0,7549
2,4625	0,7549
2,4692	0,7546
2,4764	0,7539
2,4840	0,7528
2,4920	0,7514
2,5005	0,7496
2,5095	0,7475
2,5189	0,7451
2,5286	0,7424
2,5388	0,7393
2,5493	0,7359
2,5601	0,7323
2,5711	0,7284
2,5824	0,7241
2,5939	0,7197
2,6054	0,7149
2,6171	0,7100
2,6287	0,7048
2,6403	0,6993
2,6519	0,6937
2,6632	0,6878
2,6743	0,6818
2,6852	0,6756
2,6957	0,6692
2,7059	0,6626
2,7156	0,6558
2,7248	0,6490
2,7335	0,6419
2,7416	0,6348
2,7491	0,6275
2,7560	0,6200
2,7622	0,6125
2,7677	0,6048
2,7725	0,5971
2,7766	0,5893
2,7800	0,5813
2,7827	0,5733
2,7847	0,5653
2,7861	0,5571
2,7868	0,5490
2,7870	0,5407
2,7866	0,5325
2,7857	0,5242
2,7844	0,5159
2,7827	0,5077
2,7807	0,4994
2,7785	0,4912
2,7762	0,4830
2,7739	0,4748
2,7715	0,4667
2,7693	0,4587
2,7673	0,4508
2,7657	0,4430
2,7644	0,4353
2,7636	0,4278
2,7633	0,4204
2,7637	0,4131
2,7647	0,4060
2,7666	0,3991
2,7692	0,3924
2,7727	0,3859
2,7771	0,3795
2,7823	0,3735
2,7885	0,3676
2,7956	0,3620
2,8036	0,3566
2,8125	0,3515
2,8222	0,3467
2,8326	0,3421
2,8439	0,3378
2,8558	0,3338
2,8682	0,3301
2,8812	0,3267
2,8947	0,3235
2,9084	0,3207
2,9224	0,3182
2,9366	0,3160
2,9508	0,3141
2,9650	0,3125
2,9791	0,3112
2,9929	0,3103
3,0065	0,3097
3,0197	0,3094
3,0325	0,3095
3,0448	0,3099
3,0565	0,3106
3,0677	0,3117
3,0783	0,3130
3,0883	0,3147
3,0977	0,3168
3,1064	0,3191
3,1145	0,3218
3,1221	0,3248
3,1290	0,3281
3,1355	0,3316
3,1414	0,3355
3,1469	0,3396
3,1520	0,3441
3,1567	0,3487
3,1611	0,3536
3,1653	0,3588
3,1694	0,3641
3,1733	0,3697
3,1771	0,3755
3,1810	0,3815
3,1849	0,3876
3,1888	0,3939
3,1929	0,4003
3,1972	0,4069
3,2017	0,4135
3,2065	0,4203
3,2115	0,4272
3,2168	0,4342
3,2224	0,4413
3,2284	0,4484
3,2347	0,4556
3,2412	0,4628
3,2481	0,4701
3,2554	0,4774
3,2629	0,4848
3,2707	0,4922
3,2787	0,4997
3,2870	0,5072
3,2955	0,5147
3,3042	0,5223
3,3130	0,5298
3,3220	0,5374
3,3310	0,5451
3,3402	0,5527
3,3494	0,5604
3,3585	0,5682
3,3677	0,5759
3,3769	0,5837
3,3860	0,5915
3,3951	0,5993
3,4040	0,6071
3,4129	0,6149
3,4217	0,6227
3,4304	0,6305
3,4390	0,6382
3,4474	0,6460
3,4558	0,6536
3,4641	0,6612
3,4722	0,6687
3,4803	0,6761
3,4883	0,6833
3,4961	0,6904
3,5039	0,6974
3,5116	0,7041
3,5193	0,7106
3,5268	0,7169
3,5343	0,7229
3,5417	0,7286
3,5491	0,7340
3,5563	0,7391
3,5635	0,7438
3,5706	0,7482
3,5776	0,7521
3,5844	0,7557
3,5912	0,7589
3,5978	0,7616
3,6043	0,7639
3,6107	0,7658
3,6169	0,7672
3,6230	0,7682
3,6289	0,7687
3,6346	0,7688
3,6401	0,7685
3,6455	0,7677
3,6507	0,7666
3,6557	0,7650
3,6605	0,7631
3,6652	0,7608
3,6698	0,7581
3,6742	0,7551
3,6785	0,7517
3,6827	0,7481
3,6868	0,7442
3,6909	0,7400
3,6950	0,7356
3,6991	0,7309
3,7032	0,7260
3,7073	0,7209
3,7116	0,7156
3,7160	0,7102
3,7205	0,7046
3,7251	0,6988
3,7300	0,6929
3,7350	0,6869
3,7403	0,6807
3,7457	0,6744
3,7514	0,6680
3,7573	0,6614
3,7635	0,6548
3,7698	0,6480
3,7763	0,6411
3,7830	0,6341
3,7898	0,6270
3,7967	0,6198
3,8038	0,6124
3,8109	0,6050
3,8180	0,5974
3,8251	0,5897
3,8322	0,5820
3,8393	0,5741
3,8462	0,5662
3,8530	0,5581
3,8597	0,5500
3,8661	0,5419
3,8724	0,5337
3,8785	0,5254
3,8844	0,5171
3,8900	0,5088
3,8954	0,5005
3,9006	0,4922
3,9055	0,4839
3,9102	0,4757
3,9147	0,4676
3,9191	0,4595
3,9232	0,4515
3,9273	0,4436
3,9312	0,4359
3,9350	0,4283
3,9388	0,4209
3,9426	0,4136
3,9464	0,4066
3,9502	0,3997
3,9540	0,3930
3,9580	0,3866
3,9621	0,3804
3,9662	0,3745
3,9706	0,3688
3,9751	0,3634
3,9798	0,3583
3,9846	0,3534
3,9897	0,3488
3,9949	0,3445
4,0003	0,3404
4,0058	0,3366
4,0115	0,3332
4,0174	0,3300
4,0234	0,3270
4,0295	0,3244
4,0357	0,3220
4,0420	0,3199
4,0484	0,3180
4,0549	0,3165
4,0615	0,3152
4,0681	0,3141
4,0747	0,3133
4,0814	0,3128
4,0882	0,3125
4,0950	0,3125
4,1019	0,3127
4,1089	0,3132
4,1159	0,3139
4,1231	0,3149
4,1303	0,3161
4,1377	0,3176
4,1453	0,3193
4,1530	0,3212
4,1609	0,3234
4,1689	0,3259
4,1772	0,3286
4,1858	0,3316
4,1945	0,3348
4,2035	0,3382
4,2128	0,3419
4,2223	0,3458
4,2320	0,3500
4,2420	0,3544
4,2522	0,3590
4,2627	0,3638
4,2733	0,3689
4,2841	0,3742
4,2951	0,3796
4,3063	0,3853
4,3175	0,3912
4,3289	0,3972
4,3403	0,4034
4,3517	0,4098
4,3631	0,4164
4,3745	0,4231
4,3858	0,4299
4,3970	0,4368
4,4081	0,4439
4,4189	0,4511
4,4296	0,4584
4,4401	0,4657
4,4503	0,4732
4,4602	0,4807
4,4697	0,4883
4,4790	0,4959
4,4879	0,5036
4,4965	0,5113
4,5047	0,5191
4,5126	0,5269
4,5200	0,5347
4,5271	0,5425
4,5338	0,5503
4,5401	0,5581
4,5461	0,5659
4,5518	0,5737
4,5571	0,5814
4,5621	0,5892
4,5669	0,5969
4,5713	0,6045
4,5756	0,6121
4,5797	0,6197
4,5836	0,6272
4,5874	0,6346
4,5911	0,6420
4,5948	0,6492
4,5985	0,6564
4,6022	0,6635
4,6060	0,6704
4,6100	0,6772
4,6141	0,6838
4,6185	0,6903
4,6231	0,6967
4,6280	0,7028
4,6332	0,7088
4,6388	0,7145
4,6448	0,7200
4,6511	0,7252
4,6579	0,7302
4,6651	0,7349
4,6728	0,7393
4,6809	0,7434
4,6894	0,7472
4,6983	0,7507
4,7076	0,7537
4,7173	0,7565
4,7273	0,7588
4,7376	0,7608
4,7481	0,7623
4,7589	0,7635
4,7698	0,7643
4,7808	0,7646
4,7919	0,7646
4,8029	0,7641
4,8138	0,7632
4,8246	0,7620
4,8352	0,7603
4,8455	0,7582
4,8555	0,7557
4,8651	0,7529
4,8743	0,7497
4,8830	0,7461
4,8912	0,7422
4,8988	0,7380
4,9059	0,7335
4,9123	0,7287
4,9182	0,7236
4,9234	0,7183
4,9280	0,7127
4,9320	0,7069
4,9354	0,7009
4,9382	0,6948
4,9405	0,6884
4,9423	0,6819
4,9436	0,6752
4,9445	0,6684
4,9451	0,6615
4,9453	0,6545
4,9453	0,6474
4,9451	0,6402
4,9447	0,6329
4,9443	0,6256
4,9439	0,6182
4,9435	0,6108
4,9432	0,6033
4,9431	0,5957
4,9432	0,5881
4,9435	0,5805
4,9442	0,5729
4,9451	0,5652
4,9465	0,5575
4,9483	0,5498
4,9505	0,5421
4,9531	0,5344
4,9562	0,5266
4,9598	0,5189
4,9639	0,5112
4,9684	0,5035
4,9734	0,4958
4,9788	0,4881
4,9847	0,4805
4,9910	0,4729
4,9978	0,4654
5,0049	0,4580
5,0124	0,4507
5,0202	0,4434
5,0284	0,4362
5,0368	0,4292
5,0455	0,4223
5,0545	0,4155
5,0637	0,4089
5,0732	0,4025
5,0828	0,3962
5,0926	0,3901
5,1027	0,3842
5,1128	0,3785
5,1232	0,3730
5,1337	0,3677
5,1443	0,3627
5,1551	0,3579
5,1661	0,3534
5,1772	0,3491
5,1885	0,3450
5,1999	0,3412
5,2114	0,3376
5,2232	0,3343
5,2351	0,3312
5,2471	0,3284
5,2594	0,3259
5,2718	0,3236
5,2843	0,3215
5,2970	0,3197
5,3099	0,3181
5,3228	0,3168
5,3359	0,3157
5,3491	0,3148
5,3623	0,3142
5,3756	0,3138
5,3889	0,3136
5,4021	0,3136
5,4153	0,3139
5,4284	0,3144
5,4413	0,3151
5,4540	0,3160
5,4665	0,3172
5,4786	0,3185
5,4904	0,3201
5,5019	0,3219
5,5128	0,3240
5,5233	0,3263
5,5332	0,3288
5,5426	0,3315
5,5513	0,3345
5,5594	0,3377
5,5668	0,3412
5,5735	0,3449
5,5795	0,3489
5,5848	0,3531
5,5893	0,3576
5,5931	0,3623
5,5963	0,3673
5,5987	0,3725
5,6005	0,3780
5,6017	0,3838
5,6023	0,3898
5,6024	0,3960
5,6020	0,4025
5,6013	0,4092
5,6002	0,4162
5,5989	0,4234
5,5975	0,4308
5,5959	0,4384
5,5944	0,4462
5,5929	0,4542
5,5916	0,4624
5,5906	0,4707
5,5899	0,4792
5,5896	0,4878
5,5898	0,4964
5,5906	0,5052
5,5919	0,5141
5,5939	0,5229
5,5966	0,5318
5,5999	0,5408
5,6041	0,5496
5,6090	0,5585
5,6146	0,5673
5,6210	0,5760
5,6282	0,5847
5,6360	0,5932
5,6446	0,6015
5,6538	0,6098
5,6635	0,6178
5,6738	0,6257
5,6846	0,6334
5,6958	0,6409
5,7073	0,6482
5,7190	0,6553
5,7310	0,6621
5,7430	0,6687
5,7550	0,6751
5,7670	0,6812
5,7788	0,6871
5,7904	0,6928
5,8018	0,6982
5,8127	0,7034
5,8233	0,7083
5,8334	0,7130
5,8429	0,7175
5,8519	0,7218
5,8604	0,7258
5,8682	0,7297
5,8753	0,7333
5,8819	0,7367
5,8877	0,7399
5,8930	0,7429
5,8976	0,7457
5,9017	0,7483
5,9052	0,7508
5,9082	0,7530
5,9107	0,7550
5,9128	0,7568
5,9146	0,7585
5,9160	0,7599
5,9172	0,7611
5,9183	0,7621
5,9192	0,7629
5,9201	0,7634
5,9210	0,7637
5,9221	0,7638
5,9232	0,7636
5,9246	0,7631
5,9262	0,7624
5,9281	0,7614
5,9304	0,7601
5,9330	0,7584
5,9360	0,7565
5,9395	0,7543
5,9434	0,7518
5,9478	0,7489
5,9526	0,7457
5,9579	0,7422
5,9636	0,7383
5,9698	0,7341
5,9764	0,7296
5,9835	0,7248
5,9909	0,7197
5,9986	0,7142
6,0067	0,7084
6,0152	0,7024
6,0238	0,6960
6,0328	0,6894
6,0419	0,6825
6,0513	0,6754
6,0608	0,6680
6,0704	0,6604
6,0801	0,6526
6,0900	0,6446
6,0998	0,6364
6,1097	0,6281
6,1197	0,6197
6,1296	0,6111
6,1396	0,6024
6,1495	0,5937
6,1594	0,5849
6,1693	0,5760
6,1792	0,5672
6,1891	0,5583
6,1990	0,5494
6,2088	0,5405
6,2187	0,5317
6,2286	0,5230
6,2385	0,5143
6,2484	0,5057
6,2584	0,4973
6,2684	0,4889
6,2785	0,4807
6,2887	0,4726
6,2989	0,4646
6,3092	0,4569
6,3196	0,4493
6,3300	0,4418
6,3404	0,4346
6,3509	0,4276
6,3615	0,4207
6,3720	0,4141
6,3825	0,4076
6,3929	0,4014
6,4032	0,3954
6,4135	0,3896
6,4235	0,3840
6,4334	0,3787
6,4429	0,3735
6,4522	0,3686
6,4611	0,3639
6,4696	0,3595
6,4777	0,3552
6,4853	0,3512
6,4923	0,3474
6,4987	0,3438
6,5045	0,3404
6,5097	0,3372
6,5141	0,3342
6,5179	0,3315
6,5210	0,3289
6,5233	0,3266
6,5249	0,3244
6,5259	0,3225
6,5261	0,3208
6,5257	0,3193
6,5247	0,3180
6,5231	0,3169
6,5211	0,3160
6,5186	0,3154
6,5157	0,3149
6,5126	0,3147
6,5092	0,3147
6,5058	0,3150
6,5024	0,3155
6,4991	0,3162
6,4959	0,3172
6,4932	0,3185
6,4908	0,3200
6,4889	0,3218
6,4877	0,3239
6,4872	0,3262
6,4875	0,3288
6,4886	0,3317
6,4907	0,3349
6,4939	0,3383
6,4981	0,3421
6,5034	0,3461
6,5098	0,3504
6,5174	0,3549
6,5261	0,3597
6,5359	0,3647
6,5468	0,3700
6,5588	0,3756
6,5717	0,3813
6,5855	0,3873
6,6001	0,3934
6,6154	0,3997
6,6313	0,4062
6,6476	0,4129
6,6644	0,4197
6,6813	0,4266
6,6984	0,4336
6,7154	0,4407
6,7323	0,4479
6,7489	0,4552
6,7650	0,4625
6,7807	0,4699
6,7957	0,4773
6,8100	0,4848
6,8235	0,4922
6,8361	0,4997
6,8479	0,5072
6,8586	0,5147
6,8684	0,5221
6,8772	0,5296
6,8850	0,5370
6,8919	0,5444
6,8979	0,5518
6,9030	0,5592
6,9074	0,5665
6,9110	0,5738
6,9140	0,5811
6,9165	0,5883
6,9186	0,5955
6,9203	0,6026
6,9218	0,6096
6,9232	0,6166
6,9245	0,6236
6,9259	0,6304
6,9275	0,6372
6,9293	0,6438
6,9313	0,6504
6,9338	0,6568
6,9366	0,6632
6,9399	0,6693
6,9436	0,6754
6,9478	0,6813
6,9524	0,6871
6,9574	0,6926
6,9629	0,6980
6,9687	0,7033
6,9748	0,7083
6,9811	0,7131
6,9877	0,7177
6,9943	0,7221
7,0009	0,7263
7,0075	0,7302
7,0139	0,7339
7,0202	0,7374
7,0261	0,7406
7,0318	0,7435
7,0370	0,7463
7,0417	0,7487
7,0460	0,7509
7,0498	0,7529
7,0531	0,7545
7,0558	0,7559
7,0580	0,7571
7,0598	0,7580
7,0611	0,7585
7,0620	0,7589
7,0626	0,7589
7,0630	0,7587
7,0632	0,7581
7,0634	0,7573
7,0636	0,7562
7,0639	0,7548
7,0645	0,7531
7,0655	0,7511
7,0668	0,7489
7,0688	0,7463
7,0713	0,7434
7,0746	0,7402
7,0787	0,7367
7,0837	0,7330
7,0895	0,7289
7,0963	0,7246
7,1041	0,7199
7,1128	0,7150
7,1225	0,7099
7,1331	0,7044
7,1446	0,6988
7,1569	0,6929
7,1700	0,6867
7,1837	0,6804
7,1981	0,6738
7,2129	0,6671
7,2282	0,6602
7,2436	0,6531
7,2593	0,6459
7,2749	0,6386
7,2905	0,6312
7,3058	0,6236
7,3208	0,6161
7,3353	0,6084
7,3493	0,6007
7,3627	0,5930
7,3753	0,5853
7,3871	0,5776
7,3980	0,5699
7,4081	0,5622
7,4172	0,5546
7,4253	0,5471
7,4325	0,5396
7,4387	0,5321
7,4440	0,5248
7,4484	0,5176
7,4520	0,5104
7,4547	0,5034
7,4568	0,4964
7,4582	0,4896
7,4591	0,4829
7,4595	0,4763
7,4596	0,4698
7,4593	0,4634
7,4590	0,4571
7,4585	0,4510
7,4581	0,4450
7,4578	0,4391
7,4578	0,4333
7,4580	0,4276
7,4586	0,4220
7,4596	0,4165
7,4611	0,4112
7,4632	0,4059
7,4658	0,4008
7,4691	0,3958
7,4730	0,3909
7,4776	0,3861
7,4828	0,3814
7,4886	0,3769
7,4951	0,3725
7,5022	0,3683
7,5099	0,3642
7,5181	0,3603
7,5268	0,3565
7,5360	0,3529
7,5456	0,3495
7,5555	0,3462
7,5657	0,3432
7,5762	0,3403
7,5868	0,3377
7,5976	0,3353
7,6084	0,3332
7,6192	0,3312
7,6300	0,3295
7,6407	0,3281
7,6512	0,3269
7,6616	0,3260
7,6717	0,3254
7,6816	0,3250
7,6911	0,3249
7,7004	0,3251
7,7093	0,3255
7,7179	0,3263
7,7261	0,3273
7,7340	0,3286
7,7415	0,3301
7,7486	0,3319
7,7554	0,3340
7,7618	0,3364
7,7678	0,3390
7,7736	0,3418
7,7790	0,3450
7,7841	0,3483
7,7889	0,3519
7,7935	0,3557
7,7978	0,3597
7,8019	0,3639
7,8058	0,3683
7,8095	0,3729
7,8131	0,3777
7,8165	0,3827
7,8199	0,3878
7,8231	0,3931
7,8263	0,3985
7,8294	0,4041
7,8325	0,4098
7,8356	0,4156
7,8388	0,4215
7,8420	0,4276
7,8453	0,4337
7,8487	0,4399
7,8523	0,4462
7,8560	0,4525
7,8599	0,4589
7,8641	0,4654
7,8684	0,4719
7,8731	0,4784
7,8779	0,4850
7,8831	0,4915
7,8886	0,4981
7,8944	0,5047
7,9005	0,5113
7,9069	0,5179
7,9137	0,5245
7,9207	0,5310
7,9281	0,5376
7,9358	0,5441
7,9438	0,5506
7,9521	0,5571
7,9607	0,5636
7,9695	0,5700
7,9785	0,5764
7,9877	0,5827
7,9971	0,5890
8,0066	0,5953
8,0162	0,6015
8,0259	0,6077
8,0357	0,6138
8,0454	0,6199
8,0552	0,6259
8,0648	0,6318
8,0744	0,6377
8,0839	0,6435
8,0932	0,6492
8,1023	0,6549
8,1112	0,6604
8,1198	0,6658
8,1282	0,6712
8,1363	0,6764
8,1441	0,6815
8,1516	0,6864
8,1588	0,6912
8,1656	0,6959
8,1721	0,7004
8,1782	0,7047
8,1840	0,7089
8,1895	0,7128
8,1947	0,7166
8,1996	0,7202
8,2042	0,7235
8,2086	0,7267
8,2128	0,7296
8,2168	0,7322
8,2206	0,7346
8,2244	0,7368
8,2281	0,7386
8,2317	0,7403
8,2353	0,7416
8,2390	0,7426
8,2428	0,7434
8,2467	0,7438
8,2508	0,7439
8,2551	0,7437
8,2596	0,7433
8,2645	0,7424
8,2696	0,7413
8,2750	0,7398
8,2808	0,7380
8,2870	0,7359
8,2935	0,7335
8,3005	0,7307
8,3078	0,7276
8,3155	0,7242
8,3236	0,7206
8,3320	0,7166
8,3408	0,7123
8,3499	0,7078
8,3593	0,7030
8,3690	0,6980
8,3788	0,6928
8,3889	0,6874
8,3991	0,6818
8,4095	0,6760
8,4199	0,6701
8,4303	0,6640
8,4406	0,6579
8,4510	0,6517
8,4612	0,6454
8,4712	0,6391
8,4811	0,6328
8,4907	0,6265
8,5002	0,6201
8,5093	0,6139
8,5181	0,6076
8,5267	0,6014
8,5349	0,5953
8,5428	0,5892
8,5504	0,5832
8,5576	0,5773
8,5646	0,5715
8,5712	0,5657
8,5776	0,5601
8,5837	0,5544
8,5895	0,5489
8,5951	0,5434
8,6005	0,5379
8,6058	0,5325
8,6109	0,5271
8,6159	0,5217
8,6207	0,5163
8,6255	0,5109
8,6303	0,5055
8,6349	0,5001
8,6396	0,4946
8,6443	0,4890
8,6489	0,4834
8,6536	0,4777
8,6583	0,4720
8,6630	0,4662
8,6677	0,4603
8,6724	0,4544
8,6772	0,4484
8,6820	0,4424
8,6868	0,4364
8,6916	0,4303
8,6965	0,4242
8,7014	0,4182
8,7064	0,4122
8,7114	0,4062
8,7164	0,4003
8,7215	0,3945
8,7266	0,3888
8,7319	0,3833
8,7372	0,3779
8,7427	0,3727
8,7483	0,3677
8,7540	0,3629
8,7598	0,3584
8,7659	0,3541
8,7721	0,3501
8,7784	0,3464
8,7850	0,3430
8,7918	0,3399
8,7988	0,3371
8,8060	0,3347
8,8133	0,3325
8,8209	0,3307
8,8286	0,3292
8,8364	0,3281
8,8444	0,3272
8,8525	0,3267
8,8607	0,3264
8,8689	0,3265
8,8772	0,3268
8,8854	0,3274
8,8936	0,3283
8,9018	0,3294
8,9098	0,3308
8,9178	0,3324
8,9256	0,3342
8,9332	0,3362
8,9407	0,3384
8,9480	0,3407
8,9551	0,3432
8,9620	0,3459
8,9688	0,3488
8,9753	0,3517
8,9818	0,3548
8,9880	0,3581
8,9942	0,3614
9,0003	0,3649
9,0063	0,3685
9,0124	0,3722
9,0184	0,3760
9,0245	0,3800
9,0307	0,3840
9,0371	0,3881
9,0436	0,3924
9,0504	0,3967
9,0574	0,4012
9,0647	0,4058
9,0722	0,4105
9,0801	0,4152
9,0884	0,4201
9,0970	0,4252
9,1059	0,4303
9,1152	0,4355
9,1248	0,4408
9,1348	0,4463
9,1450	0,4518
9,1555	0,4575
9,1662	0,4632
9,1770	0,4691
9,1880	0,4751
9,1990	0,4811
9,2101	0,4873
9,2211	0,4935
9,2320	0,4999
9,2426	0,5063
9,2531	0,5128
9,2632	0,5194
9,2730	0,5261
9,2823	0,5328
9,2912	0,5396
9,2996	0,5465
9,3073	0,5535
9,3145	0,5604
9,3211	0,5675
9,3271	0,5746
9,3324	0,5817
9,3370	0,5888
9,3411	0,5960
9,3445	0,6031
9,3472	0,6102
9,3495	0,6174
9,3511	0,6245
9,3523	0,6315
9,3530	0,6385
9,3533	0,6455
9,3532	0,6524
9,3529	0,6591
9,3523	0,6658
9,3516	0,6723
9,3508	0,6788
9,3499	0,6850
9,3491	0,6912
9,3483	0,6971
9,3478	0,7029
9,3474	0,7085
9,3473	0,7139
9,3476	0,7190
9,3482	0,7240
9,3493	0,7287
9,3509	0,7332
9,3530	0,7374
9,3557	0,7414
9,3589	0,7451
9,3628	0,7485
9,3673	0,7517
9,3725	0,7545
9,3783	0,7571
9,3848	0,7595
9,3919	0,7615
9,3997	0,7632
9,4081	0,7646
9,4170	0,7657
9,4266	0,7666
9,4367	0,7671
9,4472	0,7673
9,4582	0,7672
9,4696	0,7668
9,4813	0,7661
9,4932	0,7651
9,5053	0,7638
9,5175	0,7622
9,5298	0,7603
9,5421	0,7581
9,5542	0,7556
9,5661	0,7529
9,5778	0,7499
9,5892	0,7466
9,6002	0,7430
9,6107	0,7392
9,6208	0,7351
9,6302	0,7308
9,6391	0,7263
9,6473	0,7215
9,6548	0,7166
9,6617	0,7114
9,6678	0,7061
9,6732	0,7006
9,6780	0,6949
9,6820	0,6891
9,6854	0,6832
9,6882	0,6771
9,6903	0,6709
9,6920	0,6646
9,6931	0,6582
9,6939	0,6517
9,6943	0,6452
9,6944	0,6386
9,6943	0,6320
9,6942	0,6254
9,6940	0,6187
9,6938	0,6120
9,6938	0,6053
9,6940	0,5986
9,6945	0,5919
9,6953	0,5852
9,6966	0,5786
9,6984	0,5720
9,7007	0,5654
9,7036	0,5589
9,7071	0,5524
9,7112	0,5460
9,7161	0,5396
9,7216	0,5333
9,7278	0,5270
9,7347	0,5208
9,7422	0,5146
9,7504	0,5085
9,7592	0,5024
9,7685	0,4964
9,7784	0,4905
9,7887	0,4846
9,7993	0,4788
9,8104	0,4730
9,8216	0,4672
9,8331	0,4615
9,8446	0,4559
9,8562	0,4503
9,8678	0,4447
9,8793	0,4392
9,8906	0,4337
9,9017	0,4283
9,9125	0,4230
9,9230	0,4177
9,9330	0,4125
9,9427	0,4073
9,9519	0,4022
9,9607	0,3972
9,9690	0,3922
9,9767	0,3874
9,9840	0,3827
9,9908	0,3780
9,9971	0,3735
10,0030	0,3691
10,0085	0,3648
10,0135	0,3607
10,0183	0,3567
10,0227	0,3529
10,0269	0,3493
10,0308	0,3458
10,0347	0,3425
10,0384	0,3395
10,0420	0,3366
10,0457	0,3339
10,0494	0,3315
10,0533	0,3293
10,0572	0,3273
10,0614	0,3256
10,0658	0,3241
10,0704	0,3229
10,0753	0,3219
10,0805	0,3211
10,0861	0,3206
10,0919	0,3204
10,0981	0,3204
10,1047	0,3206
10,1116	0,3211
10,1187	0,3218
10,1262	0,3228
10,1340	0,3240
10,1421	0,3254
10,1504	0,3271
10,1589	0,3290
10,1677	0,3311
10,1765	0,3334
10,1856	0,3359
10,1947	0,3386
10,2039	0,3415
10,2131	0,3445
10,2224	0,3478
10,2317	0,3512
10,2409	0,3548
10,2502	0,3585
10,2593	0,3624
10,2684	0,3665
10,2774	0,3707
10,2862	0,3750
10,2950	0,3795
10,3036	0,3841
10,3121	0,3888
10,3204	0,3936
10,3285	0,3986
10,3365	0,4037
10,3443	0,4089
10,3519	0,4142
10,3593	0,4196
10,3664	0,4251
10,3733	0,4308
10,3798	0,4365
10,3861	0,4424
10,3920	0,4483
10,3976	0,4543
10,4028	0,4605
10,4076	0,4667
10,4119	0,4730
10,4157	0,4794
10,4191	0,4859
10,4219	0,4924
10,4243	0,4991
10,4260	0,5058
10,4273	0,5126
10,4279	0,5194
10,4281	0,5263
10,4277	0,5333
10,4269	0,5403
10,4256	0,5473
10,4239	0,5544
10,4218	0,5615
10,4194	0,5686
10,4168	0,5757
10,4141	0,5829
10,4112	0,5900
10,4084	0,5970
10,4057	0,6041
10,4033	0,6111
10,4011	0,6180
10,3993	0,6248
10,3981	0,6316
10,3974	0,6382
10,3974	0,6448
10,3982	0,6511
10,3998	0,6574
10,4023	0,6635
10,4057	0,6694
10,4101	0,6751
10,4155	0,6806
10,4219	0,6859
10,4294	0,6910
10,4378	0,6959
10,4471	0,7005
10,4574	0,7049
10,4685	0,7090
10,4804	0,7129
10,4930	0,7165
10,5062	0,7199
10,5199	0,7230
10,5339	0,7258
10,5483	0,7284
10,5628	0,7307
10,5774	0,7328
10,5919	0,7347
10,6062	0,7363
10,6203	0,7377
10,6339	0,7389
10,6471	0,7398
10,6597	0,7406
10,6717	0,7412
10,6830	0,7415
10,6936	0,7417
10,7033	0,7417
10,7123	0,7416
10,7205	0,7412
10,7279	0,7407
10,7345	0,7400
10,7403	0,7392
10,7455	0,7382
10,7500	0,7370
10,7538	0,7357
10,7572	0,7342
10,7601	0,7325
10,7627	0,7306
10,7650	0,7285
10,7670	0,7263
10,7690	0,7238
10,7709	0,7212
10,7729	0,7183
10,7750	0,7153
10,7772	0,7120
10,7798	0,7086
10,7827	0,7049
10,7859	0,7010
10,7896	0,6969
10,7937	0,6926
10,7983	0,6880
10,8033	0,6833
10,8088	0,6784
10,8148	0,6733
10,8212	0,6680
10,8281	0,6625
10,8353	0,6569
10,8429	0,6511
10,8508	0,6452
10,8589	0,6391
10,8672	0,6330
10,8757	0,6267
10,8842	0,6203
10,8927	0,6139
10,9012	0,6073
10,9095	0,6007
10,9177	0,5941
10,9256	0,5874
10,9332	0,5808
10,9405	0,5741
10,9474	0,5674
10,9539	0,5607
10,9599	0,5540
10,9655	0,5474
10,9707	0,5408
10,9754	0,5343
10,9796	0,5278
10,9834	0,5214
10,9868	0,5150
10,9898	0,5087
10,9924	0,5025
10,9948	0,4964
10,9970	0,4904
10,9990	0,4844
11,0009	0,4785
11,0027	0,4728
11,0046	0,4671
11,0066	0,4615
11,0088	0,4560
11,0112	0,4506
11,0140	0,4453
11,0171	0,4401
11,0207	0,4350
11,0247	0,4299
11,0294	0,4249
11,0346	0,4201
11,0404	0,4152
11,0469	0,4105
11,0541	0,4058
11,0619	0,4012
11,0704	0,3967
11,0795	0,3922
11,0893	0,3878
11,0997	0,3834
11,1106	0,3792
11,1221	0,3750
11,1340	0,3709
11,1463	0,3669
11,1590	0,3630
11,1719	0,3592
11,1849	0,3555
11,1981	0,3519
11,2113	0,3485
11,2245	0,3452
11,2375	0,3420
11,2503	0,3390
11,2629	0,3362
11,2750	0,3336
11,2868	0,3312
11,2981	0,3289
11,3088	0,3269
11,3190	0,3251
11,3286	0,3236
11,3375	0,3223
11,3458	0,3212
11,3534	0,3204
11,3604	0,3198
11,3666	0,3195
11,3723	0,3194
11,3773	0,3196
11,3817	0,3201
11,3856	0,3208
11,3889	0,3217
11,3918	0,3229
11,3943	0,3243
11,3964	0,3260
11,3983	0,3279
11,3999	0,3300
11,4014	0,3323
11,4028	0,3347
11,4042	0,3374
11,4056	0,3403
11,4072	0,3433
11,4089	0,3465
11,4109	0,3499
11,4132	0,3534
11,4159	0,3570
11,4189	0,3608
11,4224	0,3646
11,4264	0,3686
11,4310	0,3727
11,4360	0,3769
11,4416	0,3812
11,4479	0,3856
11,4547	0,3901
11,4621	0,3946
11,4700	0,3993
11,4786	0,4040
11,4877	0,4087
11,4973	0,4136
11,5075	0,4185
11,5181	0,4235
11,5291	0,4285
11,5405	0,4336
11,5523	0,4388
11,5643	0,4440
11,5766	0,4493
11,5890	0,4546
11,6015	0,4600
11,6141	0,4654
11,6267	0,4709
11,6391	0,4764
11,6514	0,4820
11,6635	0,4877
11,6753	0,4934
11,6868	0,4991
11,6979	0,5049
11,7085	0,5108
11,7186	0,5166
11,7281	0,5226
11,7371	0,5286
11,7454	0,5346
11,7531	0,5406
11,7601	0,5468
11,7665	0,5529
11,7721	0,5591
11,7771	0,5653
11,7815	0,5716
11,7852	0,5779
11,7882	0,5842
11,7907	0,5905
11,7927	0,5969
11,7942	0,6033
11,7953	0,6097
11,7961	0,6161
11,7966	0,6225
11,7968	0,6288
11,7969	0,6352
11,7970	0,6415
11,7971	0,6478
11,7973	0,6540
11,7977	0,6601
11,7984	0,6662
11,7994	0,6722
11,8008	0,6781
11,8027	0,6838
11,8051	0,6895
11,8081	0,6950
11,8117	0,7003
11,8160	0,7054
11,8210	0,7104
11,8267	0,7152
11,8331	0,7197
11,8402	0,7240
11,8480	0,7281
11,8564	0,7319
11,8656	0,7354
11,8753	0,7387
11,8855	0,7417
11,8962	0,7444
11,9073	0,7468
11,9187	0,7489
11,9304	0,7507
11,9422	0,7521
11,9542	0,7533
11,9660	0,7541
11,9778	0,7546
11,9894	0,7548
12,0007	0,7547
12,0116	0,7543
12,0220	0,7536
12,0319	0,7526
12,0412	0,7513
12,0499	0,7497
12,0579	0,7478
12,0651	0,7457
12,0715	0,7433
12,0772	0,7407
12,0820	0,7378
12,0861	0,7348
12,0894	0,7315
12,0919	0,7280
12,0938	0,7244
12,0949	0,7206
12,0955	0,7166
12,0955	0,7124
12,0950	0,7082
12,0941	0,7038
12,0929	0,6992
12,0915	0,6946
12,0899	0,6899
12,0882	0,6851
12,0866	0,6802
12,0851	0,6752
12,0838	0,6702
12,0828	0,6651
12,0821	0,6600
12,0818	0,6548
12,0820	0,6496
12,0827	0,6443
12,0839	0,6391
12,0858	0,6338
12,0884	0,6284
12,0915	0,6231
12,0954	0,6178
12,0999	0,6124
12,1051	0,6070
12,1110	0,6017
12,1175	0,5963
12,1247	0,5910
12,1325	0,5856
12,1408	0,5803
12,1497	0,5749
12,1590	0,5696
12,1689	0,5643
12,1791	0,5590
12,1898	0,5537
12,2008	0,5484
12,2121	0,5431
12,2236	0,5378
12,2354	0,5326
12,2473	0,5273
12,2594	0,5221
12,2716	0,5168
12,2838	0,5116
12,2961	0,5063
12,3084	0,5011
12,3207	0,4958
12,3330	0,4906
12,3452	0,4853
12,3574	0,4800
12,3695	0,4747
12,3814	0,4694
12,3932	0,4641
12,4049	0,4588
12,4164	0,4535
12,4278	0,4481
12,4390	0,4428
12,4499	0,4374
12,4606	0,4320
12,4711	0,4267
12,4814	0,4213
12,4913	0,4160
12,5010	0,4107
12,5103	0,4055
12,5193	0,4003
12,5280	0,3951
12,5362	0,3900
12,5441	0,3850
12,5516	0,3801
12,5587	0,3753
12,5653	0,3706
12,5714	0,3660
12,5772	0,3616
12,5824	0,3573
12,5872	0,3533
12,5915	0,3494
12,5954	0,3457
12,5988	0,3422
12,6018	0,3389
12,6043	0,3358
12,6065	0,3330
12,6083	0,3305
12,6097	0,3282
12,6109	0,3261
12,6117	0,3243
12,6124	0,3228
12,6128	0,3215
12,6131	0,3205
12,6133	0,3198
12,6134	0,3193
12,6135	0,3191
12,6136	0,3191
12,6138	0,3194
12,6142	0,3199
12,6147	0,3207
12,6154	0,3216
12,6164	0,3228
12,6177	0,3242
12,6194	0,3258
12,6214	0,3275
12,6237	0,3295
12,6265	0,3316
12,6297	0,3338
12,6334	0,3362
12,6375	0,3388
12,6420	0,3414
12,6470	0,3442
12,6524	0,3471
12,6583	0,3502
12,6646	0,3533
12,6713	0,3565
12,6784	0,3599
12,6859	0,3633
12,6937	0,3669
12,7019	0,3705
12,7103	0,3743
12,7190	0,3782
12,7280	0,3821
12,7372	0,3862
12,7466	0,3904
12,7562	0,3947
12,7659	0,3991
12,7757	0,4037
12,7857	0,4084
12,7958	0,4132
12,8059	0,4181
12,8161	0,4232
12,8264	0,4283
12,8366	0,4337
12,8470	0,4391
12,8573	0,4447
12,8676	0,4504
12,8779	0,4562
12,8883	0,4621
12,8986	0,4681
12,9089	0,4741
12,9191	0,4803
12,9293	0,4866
12,9395	0,4929
12,9496	0,4992
12,9595	0,5056
12,9694	0,5120
12,9792	0,5184
12,9888	0,5249
12,9983	0,5313
13,0075	0,5377
13,0165	0,5441
13,0253	0,5504
13,0338	0,5567
13,0419	0,5629
13,0497	0,5691
13,0571	0,5752
13,0641	0,5812
13,0707	0,5871
13,0768	0,5929
13,0824	0,5987
13,0874	0,6043
13,0920	0,6099
13,0959	0,6153
13,0993	0,6207
13,1022	0,6259
13,1045	0,6311
13,1062	0,6361
13,1074	0,6411
13,1080	0,6460
13,1082	0,6507
13,1079	0,6554
13,1072	0,6600
13,1060	0,6645
13,1046	0,6688
13,1028	0,6731
13,1008	0,6773
13,0986	0,6814
13,0963	0,6854
13,0940	0,6893
13,0916	0,6931
13,0894	0,6967
13,0873	0,7003
13,0854	0,7037
13,0838	0,7070
13,0826	0,7101
13,0817	0,7131
13,0814	0,7160
13,0816	0,7187
13,0823	0,7213
13,0837	0,7237
13,0858	0,7259
13,0886	0,7279
13,0921	0,7297
13,0964	0,7313
13,1015	0,7327
13,1074	0,7339
13,1141	0,7349
13,1215	0,7356
13,1298	0,7362
13,1388	0,7365
13,1486	0,7365
13,1591	0,7363
13,1703	0,7359
13,1821	0,7352
13,1945	0,7343
13,2074	0,7332
13,2207	0,7318
13,2345	0,7302
13,2486	0,7284
13,2629	0,7264
13,2774	0,7242
13,2920	0,7217
13,3065	0,7191
13,3211	0,7163
13,3354	0,7134
13,3496	0,7102
13,3634	0,7070
13,3768	0,7035
13,3897	0,7000
13,4022	0,6964
13,4140	0,6926
13,4252	0,6888
13,4356	0,6848
13,4453	0,6808
13,4543	0,6768
13,4624	0,6726
13,4697	0,6685
13,4762	0,6642
13,4818	0,6600
13,4867	0,6557
13,4907	0,6514
13,4940	0,6470
13,4966	0,6426
13,4985	0,6382
13,4997	0,6337
13,5005	0,6292
13,5007	0,6247
13,5006	0,6201
13,5001	0,6155
13,4993	0,6108
13,4984	0,6061
13,4974	0,6013
13,4964	0,5964
13,4954	0,5914
13,4946	0,5863
13,4940	0,5812
13,4937	0,5759
13,4937	0,5706
13,4941	0,5652
13,4949	0,5596
13,4961	0,5540
13,4979	0,5483
13,5002	0,5424
13,5031	0,5365
13,5064	0,5305
13,5104	0,5244
13,5148	0,5183
13,5199	0,5121
13,5254	0,5059
13,5314	0,4996
13,5380	0,4933
13,5450	0,4870
13,5524	0,4807
13,5602	0,4745
13,5683	0,4683
13,5768	0,4622
13,5856	0,4561
13,5947	0,4501
13,6040	0,4443
13,6135	0,4385
13,6231	0,4329
13,6329	0,4275
13,6428	0,4222
13,6528	0,4171
13,6628	0,4121
13,6729	0,4074
13,6829	0,4028
13,6929	0,3984
13,7028	0,3942
13,7127	0,3902
13,7224	0,3865
13,7320	0,3829
13,7414	0,3795
13,7507	0,3763
13,7597	0,3733
13,7684	0,3705
13,7769	0,3678
13,7851	0,3654
13,7929	0,3631
13,8004	0,3609
13,8075	0,3589
13,8142	0,3571
13,8205	0,3554
13,8263	0,3538
13,8318	0,3523
13,8368	0,3510
13,8413	0,3497
13,8454	0,3486
13,8491	0,3476
13,8524	0,3467
13,8552	0,3458
13,8578	0,3451
13,8599	0,3444
13,8618	0,3438
13,8635	0,3433
13,8649	0,3429
13,8662	0,3426
13,8674	0,3423
13,8686	0,3422
13,8699	0,3421
13,8713	0,3421
13,8728	0,3422
13,8746	0,3423
13,8766	0,3426
13,8791	0,3430
13,8820	0,3434
13,8853	0,3440
13,8892	0,3447
13,8937	0,3455
13,8987	0,3464
13,9044	0,3474
13,9108	0,3486
13,9177	0,3499
13,9253	0,3513
13,9336	0,3529
13,9424	0,3546
13,9518	0,3564
13,9618	0,3584
13,9722	0,3606
13,9831	0,3630
13,9944	0,3655
14,0059	0,3681
14,0177	0,3709
14,0296	0,3740
14,0416	0,3771
14,0536	0,3805
14,0655	0,3840
14,0772	0,3877
14,0887	0,3916
14,0999	0,3956
14,1107	0,3998
14,1210	0,4042
14,1308	0,4088
14,1401	0,4135
14,1487	0,4183
14,1567	0,4233
14,1640	0,4285
14,1706	0,4338
14,1766	0,4393
14,1818	0,4448
14,1863	0,4505
14,1901	0,4563
14,1932	0,4623
14,1957	0,4683
14,1976	0,4744
14,1989	0,4805
14,1998	0,4868
14,2002	0,4931
14,2002	0,4995
14,1999	0,5059
14,1993	0,5124
14,1986	0,5189
14,1977	0,5254
14,1969	0,5319
14,1961	0,5384
14,1954	0,5449
14,1950	0,5514
14,1948	0,5579
14,1950	0,5644
14,1955	0,5708
14,1966	0,5772
14,1982	0,5836
14,2003	0,5899
14,2031	0,5961
14,2065	0,6023
14,2106	0,6083
14,2154	0,6143
14,2209	0,6202
14,2271	0,6260
14,2339	0,6317
14,2415	0,6373
14,2497	0,6428
14,2585	0,6481
14,2679	0,6533
14,2778	0,6584
14,2882	0,6633
14,2990	0,6680
14,3101	0,6726
14,3215	0,6770
14,3330	0,6813
14,3447	0,6854
14,3564	0,6893
14,3680	0,6930
14,3794	0,6965
14,3906	0,6998
14,4015	0,7030
14,4121	0,7059
14,4222	0,7087
14,4317	0,7113
14,4407	0,7137
14,4491	0,7159
14,4569	0,7179
14,4640	0,7198
14,4704	0,7215
14,4761	0,7230
14,4812	0,7244
14,4856	0,7256
14,4894	0,7267
14,4926	0,7276
14,4953	0,7284
14,4975	0,7291
14,4994	0,7296
14,5009	0,7301
14,5022	0,7304
14,5033	0,7306
14,5044	0,7307
14,5055	0,7308
14,5068	0,7307
14,5082	0,7305
14,5099	0,7302
14,5120	0,7298
14,5145	0,7293
14,5175	0,7287
14,5211	0,7280
14,5253	0,7272
14,5300	0,7263
14,5355	0,7252
14,5415	0,7240
14,5482	0,7226
14,5556	0,7211
14,5635	0,7195
14,5720	0,7177
14,5811	0,7157
14,5906	0,7136
14,6005	0,7113
14,6107	0,7088
14,6213	0,7062
14,6320	0,7034
14,6428	0,7004
14,6537	0,6973
14,6645	0,6940
14,6753	0,6905
14,6859	0,6868
14,6962	0,6830
14,7063	0,6791
14,7161	0,6750
14,7255	0,6708
14,7345	0,6665
14,7431	0,6621
14,7513	0,6575
14,7590	0,6529
14,7663	0,6482
14,7732	0,6434
14,7798	0,6385
14,7859	0,6336
14,7917	0,6287
14,7972	0,6237
14,8025	0,6187
14,8076	0,6137
14,8124	0,6087
14,8172	0,6036
14,8219	0,5986
14,8266	0,5936
14,8313	0,5886
14,8361	0,5836
14,8410	0,5786
14,8460	0,5736
14,8512	0,5686
14,8566	0,5637
14,8622	0,5587
14,8680	0,5538
14,8741	0,5489
14,8804	0,5440
14,8870	0,5390
14,8938	0,5341
14,9008	0,5291
14,9080	0,5241
14,9154	0,5191
14,9229	0,5141
14,9305	0,5091
14,9382	0,5040
14,9459	0,4988
14,9536	0,4937
14,9613	0,4884
14,9688	0,4832
14,9763	0,4779
14,9836	0,4726
14,9906	0,4672
14,9975	0,4619
15,0041	0,4565
15,0105	0,4511
15,0166	0,4457
15,0224	0,4403
15,0279	0,4349
15,0332	0,4296
15,0383	0,4243
15,0431	0,4190
15,0477	0,4139
15,0521	0,4088
15,0564	0,4039
15,0606	0,3991
15,0648	0,3944
15,0690	0,3898
15,0733	0,3855
15,0776	0,3812
15,0821	0,3772
15,0868	0,3734
15,0918	0,3698
15,0970	0,3664
15,1026	0,3632
15,1085	0,3603
15,1148	0,3576
15,1214	0,3551
15,1285	0,3528
15,1360	0,3507
15,1438	0,3489
15,1520	0,3473
15,1606	0,3459
15,1695	0,3447
15,1787	0,3437
15,1881	0,3429
15,1977	0,3422
15,2073	0,3417
15,2171	0,3414
15,2268	0,3412
15,2365	0,3412
15,2460	0,3412
15,2553	0,3414
15,2644	0,3417
15,2731	0,3420
15,2813	0,3425
15,2892	0,3431
15,2965	0,3437
15,3032	0,3444
15,3094	0,3451
15,3149	0,3459
15,3198	0,3469
15,3241	0,3478
15,3277	0,3489
15,3306	0,3500
15,3329	0,3512
15,3347	0,3525
15,3358	0,3539
15,3365	0,3554
15,3367	0,3571
15,3365	0,3588
15,3359	0,3607
15,3351	0,3628
15,3342	0,3650
15,3331	0,3674
15,3320	0,3699
15,3310	0,3726
15,3302	0,3755
15,3296	0,3787
15,3294	0,3820
15,3296	0,3855
15,3303	0,3892
15,3316	0,3932
15,3336	0,3973
15,3363	0,4017
15,3397	0,4062
15,3439	0,4110
15,3490	0,4159
15,3549	0,4211
15,3617	0,4264
15,3694	0,4318
15,3779	0,4374
15,3872	0,4431
15,3973	0,4490
15,4082	0,4549
15,4197	0,4609
15,4318	0,4670
15,4445	0,4731
15,4576	0,4793
15,4711	0,4854
15,4849	0,4916
15,4988	0,4978
15,5128	0,5039
15,5267	0,5100
15,5405	0,5160
15,5540	0,5220
15,5673	0,5279
15,5800	0,5337
15,5923	0,5394
15,6040	0,5450
15,6150	0,5506
15,6254	0,5560
15,6349	0,5614
15,6437	0,5667
15,6517	0,5718
15,6589	0,5769
15,6652	0,5820
15,6708	0,5869
15,6755	0,5918
15,6796	0,5966
15,6830	0,6014
15,6857	0,6062
15,6880	0,6109
15,6897	0,6156
15,6910	0,6202
15,6921	0,6248
15,6929	0,6295
15,6935	0,6341
15,6941	0,6387
15,6948	0,6433
15,6955	0,6479
15,6964	0,6524
15,6976	0,6570
15,6991	0,6615
15,7009	0,6661
15,7032	0,6706
15,7059	0,6750
15,7091	0,6794
15,7128	0,6838
15,7170	0,6880
15,7216	0,6922
15,7268	0,6964
15,7324	0,7004
15,7384	0,7043
15,7448	0,7080
15,7515	0,7117
15,7586	0,7152
15,7658	0,7185
