-1,4033	0,7303
-1,4082	0,7410
-1,4130	0,7512
-1,4177	0,7610
-1,4222	0,7704
-1,4265	0,7793
-1,4305	0,7878
-1,4341	0,7958
-1,4373	0,8032
-1,4401	0,8102
-1,4424	0,8166
-1,4443	0,8225
-1,4457	0,8279
-1,4465	0,8327
-1,4469	0,8370
-1,4468	0,8407
-1,4461	0,8439
-1,4450	0,8465
-1,4434	0,8485
-1,4413	0,8500
-1,4387	0,8509
-1,4357	0,8513
-1,4322	0,8511
-1,4283	0,8503
-1,4239	0,8490
-1,4192	0,8472
-1,4140	0,8448
-1,4084	0,8419
-1,4024	0,8386
-1,3960	0,8347
-1,3892	0,8304
-1,3821	0,8256
-1,3745	0,8204
-1,3666	0,8148
-1,3584	0,8088
-1,3498	0,8025
-1,3409	0,7958
-1,3317	0,7888
-1,3222	0,7815
-1,3125	0,7739
-1,3025	0,7662
-1,2924	0,7582
-1,2821	0,7501
-1,2718	0,7418
-1,2614	0,7334
-1,2511	0,7250
-1,2408	0,7164
-1,2307	0,7079
-1,2208	0,6993
-1,2112	0,6907
-1,2020	0,6821
-1,1931	0,6736
-1,1848	0,6651
-1,1770	0,6567
-1,1699	0,6483
-1,1634	0,6400
-1,1576	0,6318
-1,1526	0,6237
-1,1483	0,6157
-1,1449	0,6078
-1,1424	0,6000
-1,1407	0,5922
-1,1398	0,5845
-1,1398	0,5769
-1,1406	0,5693
-1,1422	0,5618
-1,1445	0,5543
-1,1475	0,5469
-1,1511	0,5394
-1,1553	0,5321
-1,1599	0,5247
-1,1650	0,5173
-1,1703	0,5099
-1,1759	0,5026
-1,1816	0,4952
-1,1873	0,4879
-1,1929	0,4805
-1,1984	0,4731
-1,2036	0,4658
-1,2084	0,4585
-1,2128	0,4512
-1,2167	0,4439
-1,2200	0,4367
-1,2226	0,4296
-1,2246	0,4226
-1,2257	0,4156
-1,2261	0,4088
-1,2256	0,4022
-1,2243	0,3957
-1,2222	0,3895
-1,2192	0,3834
-1,2154	0,3777
-1,2108	0,3722
-1,2054	0,3670
-1,1992	0,3622
-1,1924	0,3577
-1,1849	0,3536
-1,1769	0,3500
-1,1683	0,3467
-1,1593	0,3440
-1,1499	0,3417
-1,1402	0,3399
-1,1303	0,3387
-1,1202	0,3379
-1,1101	0,3377
-1,0999	0,3381
-1,0897	0,3390
-1,0796	0,3404
-1,0696	0,3423
-1,0598	0,3448
-1,0502	0,3478
-1,0408	0,3514
-1,0318	0,3554
-1,0229	0,3598
-1,0144	0,3647
-1,0061	0,3700
-0,9982	0,3757
-0,9904	0,3817
-0,9829	0,3881
-0,9756	0,3947
-0,9685	0,4016
-0,9615	0,4087
-0,9546	0,4159
-0,9477	0,4233
-0,9408	0,4308
-0,9339	0,4383
-0,9269	0,4459
-0,9197	0,4535
-0,9123	0,4611
-0,9047	0,4686
-0,8968	0,4760
-0,8885	0,4833
-0,8800	0,4905
-0,8710	0,4976
-0,8616	0,5045
-0,8518	0,5113
-0,8415	0,5179
-0,8308	0,5244
-0,8197	0,5307
-0,8081	0,5369
-0,7961	0,5430
-0,7838	0,5489
-0,7710	0,5547
-0,7580	0,5604
-0,7447	0,5660
-0,7312	0,5715
-0,7175	0,5770
-0,7037	0,5825
-0,6899	0,5880
-0,6761	0,5935
-0,6624	0,5990
-0,6489	0,6045
-0,6356	0,6101
-0,6226	0,6157
-0,6099	0,6214
-0,5977	0,6272
-0,5859	0,6331
-0,5746	0,6391
-0,5639	0,6451
-0,5538	0,6512
-0,5443	0,6573
-0,5354	0,6635
-0,5272	0,6697
-0,5197	0,6759
-0,5128	0,6821
-0,5065	0,6883
-0,5008	0,6943
-0,4958	0,7003
-0,4912	0,7061
-0,4872	0,7117
-0,4837	0,7172
-0,4806	0,7223
-0,4778	0,7272
-0,4753	0,7318
-0,4731	0,7361
-0,4710	0,7399
-0,4691	0,7434
-0,4673	0,7464
-0,4654	0,7490
-0,4636	0,7510
-0,4616	0,7526
-0,4595	0,7537
-0,4573	0,7542
-0,4548	0,7542
-0,4521	0,7537
-0,4492	0,7526
-0,4460	0,7510
-0,4425	0,7489
-0,4387	0,7462
-0,4347	0,7430
-0,4304	0,7393
-0,4258	0,7352
-0,4209	0,7306
-0,4159	0,7255
-0,4106	0,7200
-0,4051	0,7142
-0,3995	0,7079
-0,3938	0,7013
-0,3879	0,6945
-0,3820	0,6873
-0,3760	0,6798
-0,3700	0,6721
-0,3640	0,6642
-0,3580	0,6560
-0,3520	0,6477
-0,3460	0,6392
-0,3401	0,6306
-0,3341	0,6218
-0,3281	0,6129
-0,3222	0,6039
-0,3161	0,5947
-0,3100	0,5855
-0,3038	0,5761
-0,2974	0,5667
-0,2908	0,5571
-0,2840	0,5474
-0,2768	0,5377
-0,2693	0,5278
-0,2614	0,5178
-0,2530	0,5077
-0,2441	0,4975
-0,2347	0,4872
-0,2247	0,4768
-0,2140	0,4663
-0,2027	0,4557
-0,1906	0,4450
-0,1779	0,4342
-0,1644	0,4234
-0,1502	0,4125
-0,1354	0,4017
-0,1198	0,3908
-0,1036	0,3799
-0,0867	0,3690
-0,0693	0,3583
-0,0514	0,3476
-0,0331	0,3371
-0,0143	0,3267
0,0047	0,3166
0,0239	0,3067
0,0432	0,2971
0,0625	0,2878
0,0817	0,2789
0,1007	0,2704
0,1195	0,2623
0,1378	0,2546
0,1556	0,2475
0,1729	0,2409
0,1894	0,2349
0,2053	0,2295
0,2202	0,2247
0,2343	0,2205
0,2474	0,2170
0,2595	0,2142
0,2706	0,2120
0,2806	0,2105
0,2896	0,2097
0,2976	0,2096
0,3045	0,2102
0,3104	0,2114
0,3154	0,2133
0,3195	0,2158
0,3229	0,2189
0,3255	0,2226
0,3274	0,2269
0,3289	0,2316
0,3299	0,2369
0,3307	0,2426
0,3312	0,2488
0,3317	0,2553
0,3322	0,2622
0,3329	0,2693
0,3339	0,2768
0,3353	0,2845
0,3372	0,2923
0,3397	0,3004
0,3429	0,3085
0,3468	0,3168
0,3516	0,3251
0,3573	0,3335
0,3639	0,3419
0,3716	0,3503
0,3802	0,3587
0,3899	0,3670
0,4005	0,3754
0,4122	0,3837
0,4249	0,3920
0,4386	0,4002
0,4532	0,4084
0,4686	0,4166
0,4849	0,4248
0,5020	0,4329
0,5198	0,4411
0,5382	0,4493
0,5571	0,4575
0,5765	0,4657
0,5963	0,4740
0,6163	0,4823
0,6366	0,4907
0,6570	0,4992
0,6775	0,5077
0,6979	0,5164
0,7182	0,5251
0,7383	0,5339
0,7581	0,5427
0,7776	0,5517
0,7967	0,5606
0,8153	0,5697
0,8334	0,5787
0,8510	0,5878
0,8680	0,5968
0,8844	0,6058
0,9001	0,6148
0,9151	0,6236
0,9295	0,6323
0,9432	0,6409
0,9563	0,6494
0,9687	0,6576
0,9804	0,6656
0,9915	0,6733
1,0021	0,6808
1,0120	0,6879
1,0215	0,6947
1,0304	0,7012
1,0390	0,7073
1,0471	0,7131
1,0548	0,7184
1,0623	0,7234
1,0694	0,7279
1,0763	0,7320
1,0830	0,7358
1,0895	0,7391
1,0958	0,7420
1,1020	0,7445
1,1080	0,7467
1,1139	0,7485
1,1197	0,7500
1,1254	0,7511
1,1310	0,7519
1,1364	0,7525
1,1417	0,7528
1,1468	0,7528
1,1518	0,7526
1,1566	0,7522
1,1611	0,7517
1,1654	0,7510
1,1695	0,7501
1,1733	0,7492
1,1768	0,7481
1,1801	0,7469
1,1830	0,7456
1,1856	0,7442
1,1880	0,7427
1,1900	0,7411
1,1918	0,7395
1,1933	0,7377
1,1946	0,7358
1,1957	0,7337
1,1966	0,7315
1,1974	0,7291
1,1982	0,7265
1,1989	0,7237
1,1997	0,7207
1,2006	0,7173
1,2016	0,7137
1,2029	0,7097
1,2045	0,7053
1,2064	0,7006
1,2087	0,6954
1,2114	0,6897
1,2147	0,6836
1,2186	0,6770
1,2230	0,6699
1,2281	0,6623
1,2338	0,6541
1,2402	0,6454
1,2473	0,6361
1,2551	0,6263
1,2636	0,6159
1,2728	0,6050
1,2826	0,5936
1,2930	0,5817
1,3040	0,5694
1,3156	0,5567
1,3277	0,5436
1,3402	0,5302
1,3531	0,5166
1,3663	0,5027
1,3798	0,4887
1,3935	0,4746
1,4074	0,4604
1,4213	0,4464
1,4352	0,4324
1,4491	0,4187
1,4629	0,4052
1,4766	0,3920
1,4900	0,3793
1,5032	0,3670
1,5162	0,3552
1,5288	0,3440
1,5411	0,3334
1,5531	0,3235
1,5647	0,3143
1,5759	0,3059
1,5868	0,2982
1,5973	0,2913
1,6074	0,2853
1,6172	0,2800
1,6266	0,2755
1,6357	0,2719
1,6446	0,2690
1,6531	0,2668
1,6614	0,2654
1,6696	0,2647
1,6775	0,2647
1,6852	0,2653
1,6929	0,2664
1,7004	0,2681
1,7078	0,2702
1,7151	0,2728
1,7223	0,2757
1,7295	0,2790
1,7366	0,2825
1,7436	0,2863
1,7506	0,2902
1,7574	0,2943
1,7642	0,2985
1,7708	0,3027
1,7773	0,3070
1,7837	0,3112
1,7898	0,3154
1,7957	0,3196
1,8013	0,3238
1,8066	0,3278
1,8116	0,3318
1,8162	0,3358
1,8204	0,3397
1,8241	0,3435
1,8274	0,3473
1,8303	0,3511
1,8326	0,3550
1,8343	0,3588
1,8356	0,3627
1,8362	0,3667
1,8363	0,3708
1,8359	0,3750
1,8349	0,3794
1,8333	0,3840
1,8311	0,3888
1,8284	0,3939
1,8252	0,3992
1,8215	0,4048
1,8174	0,4107
1,8127	0,4169
1,8077	0,4235
1,8022	0,4304
1,7964	0,4377
1,7903	0,4452
1,7838	0,4532
1,7771	0,4615
1,7702	0,4701
1,7631	0,4790
1,7559	0,4883
1,7485	0,4978
1,7411	0,5076
1,7336	0,5176
1,7260	0,5279
1,7185	0,5383
1,7110	0,5490
1,7036	0,5597
1,6963	0,5705
1,6891	0,5815
1,6821	0,5924
1,6752	0,6033
1,6686	0,6142
1,6622	0,6250
1,6561	0,6357
1,6503	0,6462
1,6448	0,6566
1,6397	0,6667
1,6351	0,6765
1,6309	0,6860
1,6272	0,6952
1,6241	0,7041
1,6216	0,7125
1,6198	0,7204
1,6188	0,7279
1,6185	0,7349
1,6191	0,7414
1,6206	0,7473
1,6231	0,7527
1,6267	0,7574
1,6313	0,7616
1,6372	0,7651
1,6442	0,7680
1,6526	0,7703
1,6622	0,7718
1,6732	0,7728
1,6856	0,7731
1,6994	0,7727
1,7146	0,7717
1,7311	0,7701
1,7490	0,7678
1,7683	0,7649
1,7888	0,7615
1,8105	0,7575
1,8333	0,7529
1,8571	0,7479
1,8819	0,7423
1,9074	0,7363
1,9335	0,7299
1,9601	0,7230
1,9870	0,7158
2,0141	0,7083
2,0410	0,7005
2,0677	0,6925
2,0940	0,6842
2,1196	0,6757
2,1443	0,6671
2,1680	0,6583
2,1905	0,6495
2,2116	0,6406
2,2311	0,6316
2,2489	0,6226
2,2648	0,6137
2,2788	0,6048
2,2907	0,5959
2,3006	0,5871
2,3083	0,5783
2,3138	0,5697
2,3172	0,5611
2,3185	0,5526
2,3177	0,5443
2,3151	0,5360
2,3106	0,5278
2,3045	0,5197
2,2969	0,5117
2,2880	0,5037
2,2780	0,4958
2,2672	0,4880
2,2558	0,4801
2,2441	0,4723
2,2322	0,4645
2,2205	0,4567
2,2091	0,4489
2,1984	0,4411
2,1886	0,4333
2,1798	0,4254
2,1723	0,4174
2,1662	0,4095
2,1618	0,4015
2,1590	0,3935
2,1580	0,3854
2,1589	0,3774
2,1617	0,3693
2,1664	0,3613
2,1730	0,3533
2,1813	0,3454
2,1914	0,3376
2,2031	0,3299
2,2162	0,3223
2,2307	0,3150
2,2463	0,3078
2,2627	0,3009
2,2800	0,2943
2,2977	0,2879
2,3157	0,2819
2,3338	0,2763
2,3517	0,2710
2,3693	0,2662
2,3864	0,2617
2,4028	0,2577
2,4183	0,2542
2,4328	0,2512
2,4461	0,2486
2,4583	0,2465
2,4692	0,2449
2,4788	0,2439
2,4870	0,2433
2,4940	0,2431
2,4997	0,2435
2,5043	0,2443
2,5078	0,2456
2,5103	0,2474
2,5120	0,2496
2,5130	0,2523
2,5135	0,2553
2,5136	0,2588
2,5136	0,2627
2,5135	0,2671
2,5137	0,2718
2,5142	0,2768
2,5153	0,2823
2,5170	0,2882
2,5195	0,2944
2,5230	0,3009
2,5274	0,3079
2,5329	0,3152
2,5396	0,3229
2,5474	0,3309
2,5564	0,3392
2,5665	0,3479
2,5776	0,3569
2,5898	0,3662
2,6028	0,3758
2,6166	0,3857
2,6311	0,3958
2,6461	0,4061
2,6614	0,4167
2,6768	0,4275
2,6922	0,4383
2,7074	0,4493
2,7222	0,4604
2,7365	0,4714
2,7500	0,4825
2,7626	0,4935
2,7742	0,5044
2,7847	0,5151
2,7939	0,5257
2,8018	0,5360
2,8083	0,5460
2,8134	0,5557
2,8171	0,5651
2,8194	0,5740
2,8204	0,5825
2,8201	0,5906
2,8187	0,5982
2,8163	0,6053
2,8130	0,6120
2,8091	0,6181
2,8047	0,6238
2,8000	0,6289
2,7952	0,6336
2,7906	0,6379
2,7865	0,6417
2,7830	0,6451
2,7803	0,6482
2,7788	0,6510
2,7786	0,6535
2,7798	0,6558
2,7828	0,6580
2,7877	0,6600
2,7945	0,6620
2,8035	0,6639
2,8147	0,6659
2,8281	0,6680
2,8439	0,6702
2,8619	0,6726
2,8821	0,6752
2,9045	0,6780
2,9290	0,6812
2,9554	0,6846
2,9835	0,6884
3,0132	0,6925
3,0442	0,6969
3,0764	0,7017
3,1094	0,7068
3,1429	0,7123
3,1767	0,7180
3,2104	0,7241
3,2437	0,7303
3,2764	0,7368
3,3081	0,7434
3,3385	0,7502
3,3673	0,7570
3,3942	0,7638
3,4190	0,7705
3,4414	0,7771
3,4612	0,7836
3,4782	0,7898
3,4922	0,7957
3,5031	0,8012
3,5109	0,8063
3,5153	0,8109
3,5165	0,8150
3,5144	0,8184
3,5091	0,8213
3,5007	0,8234
3,4892	0,8248
3,4748	0,8254
3,4578	0,8253
3,4383	0,8243
3,4165	0,8225
3,3928	0,8199
3,3673	0,8164
3,3405	0,8121
3,3125	0,8070
3,2838	0,8010
3,2546	0,7943
3,2252	0,7868
3,1961	0,7785
3,1674	0,7696
3,1396	0,7600
3,1128	0,7497
3,0874	0,7389
3,0636	0,7276
3,0416	0,7158
3,0217	0,7035
3,0040	0,6909
2,9887	0,6779
2,9758	0,6647
2,9656	0,6512
2,9580	0,6376
2,9531	0,6238
2,9508	0,6100
2,9513	0,5961
2,9543	0,5822
2,9600	0,5683
2,9681	0,5546
2,9785	0,5409
2,9912	0,5274
3,0060	0,5141
3,0227	0,5009
3,0412	0,4880
3,0613	0,4753
3,0828	0,4629
3,1056	0,4507
3,1294	0,4388
3,1542	0,4272
3,1796	0,4159
3,2057	0,4049
3,2321	0,3943
3,2588	0,3839
3,2856	0,3739
3,3124	0,3642
3,3391	0,3548
3,3656	0,3458
3,3917	0,3372
3,4174	0,3289
3,4426	0,3209
3,4673	0,3134
3,4914	0,3062
3,5149	0,2994
3,5377	0,2931
3,5599	0,2872
3,5813	0,2817
3,6020	0,2767
3,6220	0,2723
3,6412	0,2683
3,6597	0,2648
3,6774	0,2620
3,6944	0,2596
3,7106	0,2579
3,7260	0,2568
3,7406	0,2563
3,7544	0,2564
3,7674	0,2572
3,7795	0,2586
3,7908	0,2607
3,8011	0,2634
3,8104	0,2668
3,8188	0,2707
3,8262	0,2753
3,8326	0,2805
3,8379	0,2862
3,8422	0,2924
3,8453	0,2991
3,8473	0,3063
3,8483	0,3138
3,8481	0,3217
3,8469	0,3299
3,8446	0,3383
3,8414	0,3468
3,8372	0,3554
3,8322	0,3641
3,8264	0,3728
3,8199	0,3814
3,8129	0,3898
3,8054	0,3981
3,7977	0,4060
3,7898	0,4137
3,7820	0,4211
3,7743	0,4281
3,7670	0,4347
3,7603	0,4409
3,7542	0,4467
3,7490	0,4520
3,7449	0,4570
3,7419	0,4615
3,7402	0,4657
3,7400	0,4695
3,7413	0,4729
3,7443	0,4762
3,7490	0,4792
3,7555	0,4821
3,7637	0,4849
3,7737	0,4876
3,7854	0,4905
3,7989	0,4934
3,8139	0,4966
3,8305	0,5000
3,8484	0,5038
3,8676	0,5080
3,8878	0,5126
3,9088	0,5178
3,9305	0,5236
3,9526	0,5300
3,9750	0,5371
3,9973	0,5448
4,0193	0,5533
4,0408	0,5625
4,0616	0,5723
4,0814	0,5829
4,1000	0,5941
4,1172	0,6059
4,1329	0,6183
4,1468	0,6313
4,1588	0,6447
4,1688	0,6585
4,1767	0,6725
4,1825	0,6868
4,1860	0,7012
4,1873	0,7157
4,1864	0,7300
4,1834	0,7442
4,1783	0,7581
4,1712	0,7715
4,1622	0,7845
4,1516	0,7970
4,1395	0,8087
4,1261	0,8196
4,1116	0,8297
4,0962	0,8389
4,0803	0,8471
4,0640	0,8542
4,0476	0,8602
4,0314	0,8651
4,0156	0,8689
4,0006	0,8715
3,9865	0,8729
3,9737	0,8731
3,9624	0,8722
3,9527	0,8702
3,9450	0,8672
3,9393	0,8631
3,9359	0,8581
3,9348	0,8522
3,9363	0,8455
3,9402	0,8381
3,9469	0,8300
3,9561	0,8215
3,9679	0,8125
3,9823	0,8032
3,9993	0,7937
4,0186	0,7840
4,0401	0,7743
4,0637	0,7646
4,0893	0,7551
4,1165	0,7458
4,1451	0,7368
4,1749	0,7282
4,2057	0,7200
4,2370	0,7123
4,2687	0,7050
4,3004	0,6983
4,3318	0,6922
4,3626	0,6866
4,3926	0,6815
4,4215	0,6770
4,4489	0,6729
4,4746	0,6693
4,4985	0,6661
4,5202	0,6633
4,5397	0,6607
4,5568	0,6584
4,5714	0,6561
4,5833	0,6540
4,5927	0,6518
4,5994	0,6495
4,6035	0,6469
4,6051	0,6441
4,6044	0,6410
4,6013	0,6374
4,5961	0,6332
4,5891	0,6286
4,5805	0,6233
4,5704	0,6173
4,5593	0,6106
4,5473	0,6032
4,5348	0,5950
4,5222	0,5861
4,5096	0,5765
4,4975	0,5662
4,4862	0,5553
4,4758	0,5437
4,4668	0,5315
4,4593	0,5189
4,4535	0,5059
4,4498	0,4926
4,4482	0,4790
4,4488	0,4653
4,4518	0,4516
4,4571	0,4380
4,4649	0,4246
4,4751	0,4115
4,4876	0,3989
4,5023	0,3867
4,5190	0,3751
4,5377	0,3643
4,5580	0,3542
4,5799	0,3450
4,6029	0,3367
4,6268	0,3293
4,6514	0,3230
4,6763	0,3177
4,7013	0,3134
4,7260	0,3101
4,7502	0,3079
4,7735	0,3066
4,7958	0,3063
4,8167	0,3069
4,8360	0,3084
4,8536	0,3106
4,8693	0,3135
4,8829	0,3169
4,8944	0,3209
4,9038	0,3254
4,9110	0,3301
4,9160	0,3350
4,9189	0,3401
4,9198	0,3452
4,9188	0,3502
4,9161	0,3551
4,9119	0,3597
4,9064	0,3641
4,8998	0,3681
4,8923	0,3717
4,8843	0,3749
4,8759	0,3776
4,8675	0,3799
4,8592	0,3817
4,8513	0,3830
4,8441	0,3839
4,8378	0,3843
4,8325	0,3844
4,8285	0,3841
4,8259	0,3835
4,8248	0,3828
4,8253	0,3818
4,8275	0,3808
4,8314	0,3797
4,8371	0,3788
4,8445	0,3779
4,8536	0,3772
4,8643	0,3768
4,8765	0,3767
4,8902	0,3771
4,9052	0,3778
4,9214	0,3791
4,9387	0,3809
4,9568	0,3833
4,9756	0,3863
4,9950	0,3900
5,0148	0,3943
5,0349	0,3992
5,0551	0,4048
5,0752	0,4111
5,0952	0,4180
5,1148	0,4255
5,1341	0,4336
5,1528	0,4423
5,1710	0,4515
5,1884	0,4613
5,2051	0,4715
5,2211	0,4821
5,2362	0,4931
5,2504	0,5044
5,2637	0,5160
5,2762	0,5279
5,2877	0,5399
5,2984	0,5521
5,3081	0,5644
5,3170	0,5768
5,3249	0,5891
5,3321	0,6015
5,3383	0,6137
5,3438	0,6259
5,3484	0,6378
5,3523	0,6496
5,3554	0,6612
5,3577	0,6725
5,3594	0,6835
5,3604	0,6942
5,3607	0,7045
5,3604	0,7144
5,3596	0,7239
5,3583	0,7329
5,3565	0,7415
5,3543	0,7496
5,3518	0,7571
5,3490	0,7641
5,3460	0,7705
5,3430	0,7764
5,3400	0,7816
5,3370	0,7862
5,3343	0,7902
5,3319	0,7935
5,3300	0,7962
5,3285	0,7983
5,3278	0,7997
5,3278	0,8005
5,3286	0,8006
5,3305	0,8002
5,3334	0,7992
5,3374	0,7976
5,3427	0,7955
5,3493	0,7929
5,3571	0,7898
5,3664	0,7863
5,3770	0,7825
5,3890	0,7783
5,4024	0,7738
5,4171	0,7692
5,4329	0,7643
5,4500	0,7593
5,4681	0,7543
5,4872	0,7493
5,5070	0,7443
5,5275	0,7394
5,5484	0,7346
5,5697	0,7300
5,5910	0,7256
5,6123	0,7215
5,6332	0,7176
5,6536	0,7140
5,6733	0,7108
5,6921	0,7078
5,7097	0,7052
5,7261	0,7029
5,7409	0,7008
5,7542	0,6990
5,7656	0,6975
5,7752	0,6961
5,7827	0,6949
5,7882	0,6938
5,7916	0,6928
5,7928	0,6917
5,7918	0,6905
5,7888	0,6892
5,7837	0,6877
5,7767	0,6859
5,7678	0,6837
5,7572	0,6811
5,7452	0,6781
5,7318	0,6744
5,7172	0,6702
5,7019	0,6653
5,6858	0,6597
5,6694	0,6533
5,6529	0,6462
5,6366	0,6383
5,6207	0,6296
5,6055	0,6201
5,5914	0,6097
5,5784	0,5987
5,5670	0,5869
5,5573	0,5744
5,5496	0,5613
5,5440	0,5476
5,5406	0,5334
5,5397	0,5188
5,5413	0,5038
5,5454	0,4887
5,5522	0,4734
5,5616	0,4580
5,5735	0,4428
5,5879	0,4277
5,6047	0,4130
5,6237	0,3986
5,6447	0,3847
5,6677	0,3715
5,6922	0,3589
5,7181	0,3471
5,7450	0,3361
5,7728	0,3261
5,8011	0,3170
5,8296	0,3089
5,8579	0,3018
5,8859	0,2958
5,9132	0,2908
5,9394	0,2869
5,9645	0,2839
5,9880	0,2819
6,0099	0,2809
6,0299	0,2807
6,0478	0,2814
6,0635	0,2827
6,0770	0,2847
6,0882	0,2873
6,0971	0,2903
6,1037	0,2937
6,1080	0,2974
6,1102	0,3013
6,1104	0,3052
6,1087	0,3092
6,1054	0,3130
6,1006	0,3167
6,0947	0,3202
6,0878	0,3233
6,0802	0,3261
6,0722	0,3285
6,0641	0,3304
6,0562	0,3319
6,0488	0,3329
6,0421	0,3334
6,0364	0,3335
6,0319	0,3332
6,0289	0,3325
6,0276	0,3314
6,0281	0,3300
6,0306	0,3284
6,0353	0,3267
6,0421	0,3248
6,0512	0,3230
6,0625	0,3212
6,0761	0,3197
6,0918	0,3184
6,1097	0,3175
6,1296	0,3170
6,1513	0,3170
6,1747	0,3177
6,1995	0,3191
6,2256	0,3212
6,2527	0,3241
6,2806	0,3280
6,3089	0,3327
6,3375	0,3384
6,3660	0,3450
6,3941	0,3526
6,4216	0,3612
6,4482	0,3707
6,4735	0,3812
6,4974	0,3925
6,5197	0,4047
6,5400	0,4176
6,5582	0,4313
6,5742	0,4456
6,5877	0,4604
6,5987	0,4756
6,6070	0,4912
6,6126	0,5070
6,6155	0,5230
6,6157	0,5389
6,6132	0,5548
6,6081	0,5704
6,6004	0,5857
6,5904	0,6006
6,5782	0,6150
6,5639	0,6287
6,5477	0,6417
6,5299	0,6539
6,5108	0,6653
6,4905	0,6757
6,4694	0,6852
6,4477	0,6937
6,4257	0,7011
6,4037	0,7075
6,3820	0,7128
6,3609	0,7171
6,3407	0,7203
6,3215	0,7226
6,3037	0,7239
6,2875	0,7243
6,2731	0,7239
6,2608	0,7227
6,2506	0,7208
6,2427	0,7183
6,2373	0,7153
6,2344	0,7118
6,2341	0,7079
6,2365	0,7038
6,2416	0,6995
6,2493	0,6951
6,2596	0,6907
6,2725	0,6864
6,2879	0,6822
6,3056	0,6782
6,3255	0,6746
6,3475	0,6712
6,3714	0,6683
6,3969	0,6657
6,4240	0,6636
6,4524	0,6620
6,4819	0,6608
6,5123	0,6601
6,5433	0,6598
6,5747	0,6601
6,6063	0,6607
6,6380	0,6617
6,6693	0,6630
6,7003	0,6647
6,7307	0,6666
6,7602	0,6686
6,7889	0,6708
6,8164	0,6731
6,8427	0,6753
6,8677	0,6775
6,8912	0,6795
6,9132	0,6812
6,9337	0,6828
6,9525	0,6839
6,9698	0,6847
6,9854	0,6850
6,9994	0,6848
7,0118	0,6841
7,0228	0,6828
7,0322	0,6809
7,0403	0,6784
7,0471	0,6752
7,0527	0,6714
7,0571	0,6669
7,0607	0,6618
7,0633	0,6560
7,0652	0,6496
7,0665	0,6427
7,0673	0,6352
7,0678	0,6272
7,0680	0,6187
7,0680	0,6098
7,0680	0,6005
7,0681	0,5909
7,0684	0,5810
7,0689	0,5710
7,0697	0,5608
7,0708	0,5505
7,0724	0,5402
7,0744	0,5300
7,0768	0,5199
7,0797	0,5100
7,0830	0,5002
7,0868	0,4908
7,0909	0,4817
7,0953	0,4729
7,0999	0,4645
7,1048	0,4566
7,1096	0,4491
7,1145	0,4422
7,1193	0,4357
7,1238	0,4298
7,1280	0,4243
7,1317	0,4194
7,1350	0,4150
7,1375	0,4110
7,1394	0,4076
7,1404	0,4045
7,1406	0,4019
7,1398	0,3996
7,1380	0,3976
7,1353	0,3959
7,1315	0,3944
7,1268	0,3931
7,1212	0,3919
7,1146	0,3907
7,1073	0,3896
7,0993	0,3884
7,0907	0,3871
7,0817	0,3856
7,0724	0,3840
7,0630	0,3821
7,0537	0,3800
7,0446	0,3776
7,0360	0,3749
7,0281	0,3719
7,0211	0,3686
7,0151	0,3649
7,0104	0,3610
7,0071	0,3568
7,0055	0,3523
7,0056	0,3476
7,0076	0,3428
7,0116	0,3378
7,0178	0,3327
7,0260	0,3276
7,0365	0,3226
7,0491	0,3177
7,0639	0,3130
7,0807	0,3086
7,0996	0,3045
7,1203	0,3008
7,1428	0,2975
7,1667	0,2948
7,1920	0,2927
7,2184	0,2913
7,2456	0,2905
7,2734	0,2905
7,3014	0,2912
7,3294	0,2927
7,3571	0,2950
7,3841	0,2982
7,4102	0,3021
7,4351	0,3069
7,4584	0,3124
7,4799	0,3187
7,4993	0,3257
7,5165	0,3333
7,5311	0,3416
7,5430	0,3504
7,5522	0,3596
7,5583	0,3693
7,5615	0,3792
7,5616	0,3894
7,5587	0,3998
7,5528	0,4102
7,5440	0,4206
7,5324	0,4309
7,5181	0,4410
7,5015	0,4509
7,4826	0,4604
7,4618	0,4696
7,4393	0,4783
7,4156	0,4865
7,3908	0,4942
7,3653	0,5013
7,3396	0,5078
7,3140	0,5137
7,2888	0,5189
7,2644	0,5235
7,2413	0,5275
7,2197	0,5310
7,1999	0,5338
7,1824	0,5361
7,1673	0,5379
7,1550	0,5393
7,1457	0,5403
7,1396	0,5410
7,1368	0,5415
7,1374	0,5418
7,1416	0,5419
7,1494	0,5421
7,1607	0,5423
7,1755	0,5426
7,1936	0,5431
7,2151	0,5439
7,2395	0,5451
7,2668	0,5466
7,2967	0,5486
7,3289	0,5512
7,3629	0,5543
7,3986	0,5580
7,4354	0,5623
7,4731	0,5673
7,5112	0,5730
7,5493	0,5793
7,5870	0,5863
7,6239	0,5939
7,6595	0,6022
7,6936	0,6110
7,7258	0,6204
7,7558	0,6303
7,7832	0,6406
7,8078	0,6512
7,8295	0,6621
7,8480	0,6733
7,8633	0,6845
7,8752	0,6957
7,8838	0,7069
7,8891	0,7179
7,8912	0,7286
7,8902	0,7390
7,8863	0,7489
7,8797	0,7583
7,8708	0,7672
7,8597	0,7753
7,8469	0,7827
7,8327	0,7893
7,8176	0,7950
7,8018	0,7999
7,7858	0,8038
7,7700	0,8068
7,7549	0,8089
7,7407	0,8099
7,7280	0,8101
7,7171	0,8094
7,7082	0,8077
7,7017	0,8052
7,6978	0,8020
7,6967	0,7980
7,6987	0,7933
7,7037	0,7881
7,7119	0,7823
7,7233	0,7761
7,7378	0,7695
7,7553	0,7626
7,7758	0,7556
7,7989	0,7484
7,8244	0,7412
7,8521	0,7340
7,8816	0,7270
7,9127	0,7201
7,9448	0,7134
7,9776	0,7070
8,0106	0,7010
8,0436	0,6953
8,0759	0,6900
8,1072	0,6850
8,1371	0,6805
8,1652	0,6764
8,1912	0,6726
8,2146	0,6692
8,2351	0,6661
8,2526	0,6634
8,2668	0,6608
8,2775	0,6585
8,2845	0,6563
8,2879	0,6541
8,2876	0,6520
8,2836	0,6498
8,2761	0,6474
8,2651	0,6449
8,2509	0,6421
8,2336	0,6390
8,2137	0,6354
8,1913	0,6314
8,1669	0,6268
8,1408	0,6217
8,1135	0,6160
8,0853	0,6096
8,0568	0,6026
8,0283	0,5948
8,0003	0,5864
7,9732	0,5772
7,9475	0,5673
7,9236	0,5568
7,9018	0,5456
7,8826	0,5337
7,8661	0,5214
7,8528	0,5084
7,8429	0,4951
7,8364	0,4813
7,8337	0,4673
7,8347	0,4530
7,8396	0,4386
7,8483	0,4242
7,8608	0,4098
7,8769	0,3956
7,8966	0,3816
7,9196	0,3680
7,9457	0,3549
7,9746	0,3422
8,0060	0,3303
8,0396	0,3190
8,0750	0,3086
8,1119	0,2990
8,1498	0,2904
8,1883	0,2828
8,2270	0,2762
8,2656	0,2707
8,3036	0,2664
8,3406	0,2632
8,3763	0,2611
8,4103	0,2602
8,4423	0,2605
8,4720	0,2618
8,4992	0,2642
8,5235	0,2677
8,5449	0,2721
8,5631	0,2774
8,5780	0,2836
8,5897	0,2905
8,5980	0,2981
8,6029	0,3062
8,6045	0,3148
8,6030	0,3238
8,5984	0,3331
8,5908	0,3426
8,5806	0,3521
8,5679	0,3616
8,5530	0,3709
8,5361	0,3800
8,5177	0,3888
8,4979	0,3972
8,4772	0,4051
8,4558	0,4124
8,4342	0,4192
8,4127	0,4252
8,3916	0,4305
8,3713	0,4351
8,3521	0,4389
8,3344	0,4420
8,3184	0,4442
8,3044	0,4457
8,2927	0,4464
8,2834	0,4465
8,2769	0,4459
8,2732	0,4446
8,2726	0,4429
8,2750	0,4407
8,2805	0,4381
8,2892	0,4352
8,3010	0,4321
8,3158	0,4289
8,3337	0,4258
8,3544	0,4227
8,3777	0,4199
8,4036	0,4174
8,4317	0,4153
8,4617	0,4137
8,4935	0,4128
8,5267	0,4126
8,5610	0,4131
8,5960	0,4145
8,6314	0,4168
8,6669	0,4201
8,7022	0,4244
8,7367	0,4297
8,7703	0,4361
8,8026	0,4435
8,8333	0,4519
8,8621	0,4614
8,8887	0,4719
8,9129	0,4833
8,9344	0,4957
8,9531	0,5088
8,9688	0,5227
8,9813	0,5372
8,9907	0,5523
8,9968	0,5678
8,9997	0,5837
8,9993	0,5997
8,9958	0,6160
8,9891	0,6322
8,9796	0,6482
8,9672	0,6640
8,9523	0,6795
8,9351	0,6945
8,9158	0,7089
8,8946	0,7226
8,8720	0,7355
8,8481	0,7475
8,8234	0,7587
8,7982	0,7688
8,7727	0,7778
8,7475	0,7857
8,7227	0,7925
8,6989	0,7981
8,6762	0,8025
8,6550	0,8058
8,6357	0,8080
8,6184	0,8090
8,6036	0,8089
8,5914	0,8079
8,5820	0,8059
8,5756	0,8030
8,5724	0,7992
8,5724	0,7948
8,5759	0,7897
8,5828	0,7841
8,5931	0,7780
8,6069	0,7716
8,6240	0,7649
8,6444	0,7581
8,6680	0,7513
8,6946	0,7444
8,7239	0,7377
8,7559	0,7313
8,7903	0,7251
8,8267	0,7192
8,8650	0,7138
8,9048	0,7088
8,9458	0,7044
8,9877	0,7004
9,0301	0,6971
9,0728	0,6943
9,1154	0,6921
9,1575	0,6905
9,1989	0,6894
9,2392	0,6889
9,2782	0,6889
9,3155	0,6894
9,3509	0,6904
9,3841	0,6917
9,4150	0,6934
9,4432	0,6953
9,4688	0,6975
9,4914	0,6999
9,5110	0,7023
9,5276	0,7048
9,5409	0,7073
9,5511	0,7097
9,5581	0,7119
9,5619	0,7140
9,5626	0,7157
9,5602	0,7172
9,5549	0,7183
9,5468	0,7190
9,5360	0,7192
9,5227	0,7190
9,5071	0,7182
9,4894	0,7169
9,4698	0,7150
9,4485	0,7125
9,4258	0,7094
9,4018	0,7056
9,3769	0,7013
9,3513	0,6963
9,3253	0,6906
9,2990	0,6844
9,2728	0,6775
9,2468	0,6701
9,2214	0,6621
9,1967	0,6535
9,1729	0,6443
9,1503	0,6347
9,1290	0,6246
9,1093	0,6141
9,0912	0,6031
9,0749	0,5918
9,0606	0,5801
9,0484	0,5682
9,0383	0,5560
9,0304	0,5436
9,0248	0,5310
9,0216	0,5183
9,0207	0,5055
9,0222	0,4927
9,0261	0,4800
9,0324	0,4672
9,0409	0,4546
9,0518	0,4421
9,0648	0,4298
9,0800	0,4178
9,0971	0,4060
9,1163	0,3945
9,1372	0,3833
9,1599	0,3725
9,1841	0,3622
9,2098	0,3523
9,2367	0,3428
9,2647	0,3339
9,2938	0,3254
9,3236	0,3176
9,3540	0,3103
9,3849	0,3036
9,4161	0,2975
9,4473	0,2920
9,4785	0,2872
9,5094	0,2830
9,5399	0,2795
9,5698	0,2767
9,5989	0,2745
9,6270	0,2730
9,6541	0,2721
9,6799	0,2719
9,7043	0,2724
9,7273	0,2735
9,7486	0,2753
9,7682	0,2776
9,7860	0,2806
9,8019	0,2841
9,8158	0,2882
9,8278	0,2928
9,8377	0,2979
9,8456	0,3034
9,8515	0,3094
9,8554	0,3158
9,8573	0,3224
9,8573	0,3294
9,8555	0,3366
9,8519	0,3441
9,8467	0,3516
9,8399	0,3593
9,8318	0,3670
9,8224	0,3747
9,8119	0,3824
9,8006	0,3900
9,7884	0,3974
9,7757	0,4046
9,7627	0,4116
9,7494	0,4183
9,7362	0,4247
9,7232	0,4307
9,7106	0,4364
9,6986	0,4417
9,6874	0,4465
9,6770	0,4509
9,6678	0,4549
9,6598	0,4585
9,6532	0,4617
9,6480	0,4644
9,6443	0,4668
9,6422	0,4688
9,6418	0,4705
9,6430	0,4719
9,6459	0,4730
9,6503	0,4739
9,6563	0,4747
9,6638	0,4754
9,6727	0,4761
9,6828	0,4767
9,6940	0,4774
9,7062	0,4783
9,7192	0,4793
9,7328	0,4805
9,7468	0,4819
9,7611	0,4837
9,7755	0,4857
9,7897	0,4882
9,8036	0,4910
9,8171	0,4943
9,8299	0,4979
9,8419	0,5020
9,8531	0,5065
9,8633	0,5114
9,8723	0,5167
9,8803	0,5223
9,8871	0,5283
9,8927	0,5347
9,8972	0,5413
9,9005	0,5482
9,9028	0,5552
9,9042	0,5625
9,9047	0,5698
9,9045	0,5772
9,9039	0,5846
9,9028	0,5920
9,9016	0,5994
9,9003	0,6066
9,8993	0,6137
9,8988	0,6206
9,8988	0,6273
9,8996	0,6338
9,9015	0,6400
9,9046	0,6459
9,9090	0,6516
9,9149	0,6571
9,9224	0,6623
9,9317	0,6672
9,9427	0,6718
9,9556	0,6763
9,9705	0,6806
9,9871	0,6846
10,0057	0,6886
10,0260	0,6924
10,0480	0,6961
10,0715	0,6998
10,0965	0,7034
10,1227	0,7071
10,1499	0,7108
10,1780	0,7146
10,2067	0,7185
10,2357	0,7225
10,2649	0,7266
10,2938	0,7309
10,3224	0,7353
10,3502	0,7399
10,3771	0,7446
10,4027	0,7495
10,4269	0,7545
10,4494	0,7596
10,4700	0,7647
10,4885	0,7699
10,5048	0,7751
10,5187	0,7803
10,5300	0,7854
10,5387	0,7904
10,5448	0,7952
10,5482	0,7998
10,5490	0,8041
10,5471	0,8080
10,5426	0,8116
10,5357	0,8147
10,5264	0,8173
10,5150	0,8193
10,5015	0,8207
10,4863	0,8215
10,4696	0,8216
10,4515	0,8210
10,4324	0,8196
10,4125	0,8174
10,3921	0,8144
10,3716	0,8106
10,3512	0,8060
10,3313	0,8006
10,3120	0,7943
10,2938	0,7873
10,2768	0,7794
10,2614	0,7709
10,2478	0,7616
10,2363	0,7517
10,2269	0,7411
10,2200	0,7300
10,2156	0,7185
10,2139	0,7065
10,2149	0,6941
10,2188	0,6815
10,2256	0,6687
10,2352	0,6557
10,2476	0,6427
10,2628	0,6298
10,2806	0,6170
10,3009	0,6044
10,3236	0,5921
10,3485	0,5801
10,3753	0,5685
10,4039	0,5574
10,4340	0,5469
10,4654	0,5369
10,4977	0,5276
10,5307	0,5189
10,5641	0,5109
10,5977	0,5037
10,6312	0,4971
10,6642	0,4913
10,6965	0,4862
10,7279	0,4818
10,7581	0,4781
10,7869	0,4751
10,8141	0,4727
10,8395	0,4709
10,8628	0,4697
10,8841	0,4689
10,9030	0,4686
10,9196	0,4687
10,9338	0,4692
10,9455	0,4699
10,9547	0,4708
10,9614	0,4718
10,9655	0,4729
10,9673	0,4741
10,9666	0,4752
10,9637	0,4763
10,9586	0,4772
10,9515	0,4779
10,9424	0,4784
10,9316	0,4787
10,9192	0,4786
10,9054	0,4782
10,8904	0,4775
10,8743	0,4763
10,8575	0,4748
10,8400	0,4729
10,8221	0,4706
10,8040	0,4679
10,7859	0,4647
10,7680	0,4612
10,7505	0,4573
10,7335	0,4531
10,7173	0,4485
10,7019	0,4436
10,6876	0,4385
10,6744	0,4330
10,6625	0,4274
10,6521	0,4215
10,6431	0,4155
10,6357	0,4094
10,6299	0,4032
10,6257	0,3970
10,6233	0,3907
10,6225	0,3845
10,6234	0,3784
10,6260	0,3723
10,6301	0,3664
10,6359	0,3606
10,6432	0,3550
10,6519	0,3497
10,6620	0,3446
10,6733	0,3397
10,6858	0,3352
10,6994	0,3309
10,7139	0,3270
10,7293	0,3235
10,7454	0,3203
10,7621	0,3174
10,7794	0,3150
10,7970	0,3129
10,8150	0,3112
10,8332	0,3100
10,8515	0,3091
10,8699	0,3086
10,8882	0,3085
10,9064	0,3088
10,9244	0,3095
10,9423	0,3107
10,9598	0,3122
10,9771	0,3141
10,9941	0,3164
11,0108	0,3192
11,0271	0,3223
11,0431	0,3258
11,0588	0,3297
11,0741	0,3340
11,0892	0,3387
11,1041	0,3437
11,1187	0,3492
11,1331	0,3550
11,1473	0,3612
11,1615	0,3678
11,1755	0,3748
11,1894	0,3821
11,2034	0,3898
11,2173	0,3978
11,2312	0,4062
11,2451	0,4149
11,2590	0,4239
11,2730	0,4333
11,2870	0,4430
11,3011	0,4529
11,3151	0,4631
11,3291	0,4736
11,3430	0,4843
11,3568	0,4952
11,3705	0,5063
11,3840	0,5176
11,3972	0,5291
11,4101	0,5407
11,4227	0,5524
11,4347	0,5641
11,4463	0,5760
11,4572	0,5878
11,4675	0,5997
11,4770	0,6115
11,4857	0,6232
11,4935	0,6349
11,5003	0,6465
11,5061	0,6579
11,5108	0,6691
11,5144	0,6802
11,5167	0,6910
11,5179	0,7016
11,5177	0,7118
11,5163	0,7218
11,5136	0,7314
11,5096	0,7406
11,5042	0,7495
11,4976	0,7579
11,4897	0,7659
11,4806	0,7734
11,4703	0,7804
11,4589	0,7869
11,4465	0,7929
11,4330	0,7984
11,4187	0,8033
11,4036	0,8077
11,3878	0,8115
11,3715	0,8147
11,3547	0,8173
11,3377	0,8193
11,3205	0,8208
11,3032	0,8217
11,2861	0,8220
11,2693	0,8218
11,2528	0,8210
11,2370	0,8196
11,2219	0,8178
11,2076	0,8155
11,1943	0,8126
11,1822	0,8093
11,1714	0,8056
11,1620	0,8015
11,1542	0,7970
11,1480	0,7921
11,1435	0,7869
11,1409	0,7815
11,1402	0,7758
11,1415	0,7698
11,1448	0,7637
11,1503	0,7574
11,1578	0,7510
11,1675	0,7445
11,1794	0,7380
11,1933	0,7315
11,2093	0,7250
11,2274	0,7185
11,2474	0,7122
11,2693	0,7059
11,2931	0,6998
11,3185	0,6939
11,3455	0,6882
11,3739	0,6828
11,4036	0,6776
11,4345	0,6726
11,4662	0,6680
11,4988	0,6637
11,5320	0,6596
11,5655	0,6560
11,5993	0,6526
11,6330	0,6496
11,6666	0,6470
11,6997	0,6446
11,7323	0,6426
11,7640	0,6409
11,7948	0,6395
11,8244	0,6384
11,8527	0,6375
11,8795	0,6369
11,9047	0,6364
11,9281	0,6362
11,9497	0,6361
11,9694	0,6361
11,9870	0,6361
12,0026	0,6362
12,0161	0,6363
12,0274	0,6364
12,0366	0,6364
12,0437	0,6363
12,0488	0,6360
12,0518	0,6355
12,0529	0,6348
12,0521	0,6338
12,0495	0,6326
12,0453	0,6311
12,0395	0,6292
12,0323	0,6269
12,0237	0,6243
12,0141	0,6213
12,0033	0,6179
11,9917	0,6141
11,9793	0,6099
11,9663	0,6052
11,9528	0,6001
11,9389	0,5947
11,9248	0,5888
11,9105	0,5825
11,8963	0,5758
11,8822	0,5688
11,8682	0,5614
11,8546	0,5537
11,8413	0,5456
11,8285	0,5373
11,8163	0,5287
11,8047	0,5198
11,7937	0,5107
11,7836	0,5015
11,7742	0,4920
11,7657	0,4824
11,7582	0,4726
11,7516	0,4628
11,7461	0,4529
11,7417	0,4430
11,7383	0,4330
11,7362	0,4231
11,7352	0,4133
11,7355	0,4035
11,7371	0,3939
11,7400	0,3845
11,7441	0,3753
11,7496	0,3664
11,7565	0,3577
11,7646	0,3494
11,7741	0,3415
11,7848	0,3340
11,7968	0,3269
11,8099	0,3204
11,8242	0,3144
11,8395	0,3090
11,8557	0,3042
11,8728	0,3000
11,8906	0,2965
11,9090	0,2937
11,9279	0,2917
11,9470	0,2903
11,9663	0,2897
11,9856	0,2898
12,0046	0,2907
12,0234	0,2923
12,0415	0,2946
12,0590	0,2976
12,0757	0,3012
12,0913	0,3054
12,1058	0,3103
12,1190	0,3156
12,1308	0,3214
12,1411	0,3276
12,1499	0,3342
12,1570	0,3411
12,1626	0,3481
12,1664	0,3553
12,1686	0,3626
12,1693	0,3699
12,1684	0,3771
12,1661	0,3842
12,1624	0,3910
12,1576	0,3976
12,1518	0,4039
12,1452	0,4098
12,1379	0,4152
12,1302	0,4202
12,1222	0,4248
12,1143	0,4288
12,1067	0,4322
12,0996	0,4352
12,0932	0,4375
12,0877	0,4394
12,0835	0,4408
12,0807	0,4416
12,0795	0,4421
12,0800	0,4421
12,0825	0,4418
12,0871	0,4412
12,0939	0,4404
12,1029	0,4394
12,1143	0,4383
12,1280	0,4372
12,1440	0,4362
12,1623	0,4353
12,1828	0,4346
12,2054	0,4343
12,2299	0,4343
12,2563	0,4348
12,2842	0,4358
12,3135	0,4374
12,3439	0,4396
12,3751	0,4426
12,4068	0,4463
12,4388	0,4507
12,4708	0,4560
12,5024	0,4621
12,5332	0,4690
12,5631	0,4768
12,5916	0,4853
12,6186	0,4947
12,6436	0,5048
12,6666	0,5156
12,6871	0,5270
12,7051	0,5390
12,7204	0,5516
12,7328	0,5646
12,7422	0,5779
12,7487	0,5915
12,7521	0,6053
12,7525	0,6191
12,7500	0,6329
12,7447	0,6466
12,7367	0,6601
12,7263	0,6732
12,7136	0,6858
12,6989	0,6980
12,6825	0,7096
12,6646	0,7204
12,6457	0,7306
12,6260	0,7399
12,6059	0,7484
12,5857	0,7560
12,5657	0,7627
12,5464	0,7684
12,5280	0,7732
12,5109	0,7771
12,4953	0,7800
12,4814	0,7821
12,4696	0,7832
12,4600	0,7836
12,4528	0,7832
12,4481	0,7821
12,4460	0,7804
12,4466	0,7781
12,4498	0,7753
12,4556	0,7721
12,4640	0,7686
12,4749	0,7649
12,4881	0,7610
12,5034	0,7570
12,5208	0,7530
12,5399	0,7491
12,5605	0,7453
12,5824	0,7417
12,6052	0,7383
12,6288	0,7352
12,6529	0,7325
12,6771	0,7301
12,7012	0,7282
12,7249	0,7266
12,7480	0,7254
12,7702	0,7246
12,7914	0,7241
12,8113	0,7241
12,8297	0,7243
12,8465	0,7249
12,8616	0,7257
12,8750	0,7267
12,8864	0,7278
12,8960	0,7291
12,9036	0,7304
12,9094	0,7316
12,9134	0,7328
12,9157	0,7339
12,9163	0,7347
12,9153	0,7353
12,9131	0,7356
12,9096	0,7355
12,9050	0,7350
12,8996	0,7341
12,8936	0,7326
12,8870	0,7307
12,8802	0,7282
12,8734	0,7252
12,8666	0,7216
12,8602	0,7174
12,8542	0,7126
12,8490	0,7073
12,8445	0,7015
12,8410	0,6951
12,8386	0,6883
12,8374	0,6810
12,8374	0,6733
12,8389	0,6652
12,8417	0,6567
12,8459	0,6480
12,8515	0,6391
12,8586	0,6300
12,8670	0,6208
12,8767	0,6114
12,8877	0,6021
12,8998	0,5928
12,9130	0,5836
12,9271	0,5745
12,9420	0,5656
12,9575	0,5568
12,9735	0,5483
12,9898	0,5401
13,0063	0,5322
13,0228	0,5247
13,0392	0,5174
13,0552	0,5105
13,0707	0,5040
13,0855	0,4979
13,0996	0,4921
13,1127	0,4867
13,1248	0,4817
13,1357	0,4770
13,1453	0,4726
13,1536	0,4686
13,1605	0,4648
13,1659	0,4613
13,1698	0,4580
13,1722	0,4549
13,1731	0,4520
13,1725	0,4492
13,1705	0,4466
13,1672	0,4440
13,1626	0,4414
13,1569	0,4388
13,1501	0,4362
13,1424	0,4335
13,1339	0,4307
13,1249	0,4278
13,1154	0,4247
13,1057	0,4215
13,0959	0,4180
13,0862	0,4144
13,0768	0,4105
13,0679	0,4064
13,0597	0,4020
13,0523	0,3974
13,0459	0,3926
13,0406	0,3875
13,0367	0,3823
13,0342	0,3769
13,0332	0,3713
13,0338	0,3656
13,0361	0,3598
13,0402	0,3540
13,0461	0,3481
13,0538	0,3423
13,0632	0,3366
13,0744	0,3310
13,0872	0,3255
13,1017	0,3203
13,1177	0,3154
13,1352	0,3107
13,1539	0,3064
13,1737	0,3025
13,1945	0,2989
13,2162	0,2959
13,2385	0,2933
13,2612	0,2912
13,2843	0,2896
13,3074	0,2886
13,3304	0,2881
13,3532	0,2881
13,3756	0,2886
13,3973	0,2896
13,4183	0,2912
13,4385	0,2932
13,4576	0,2957
13,4757	0,2986
13,4926	0,3020
13,5082	0,3057
13,5226	0,3097
13,5356	0,3141
13,5474	0,3187
13,5578	0,3235
13,5670	0,3285
13,5749	0,3337
13,5816	0,3389
13,5873	0,3443
13,5920	0,3497
13,5958	0,3552
13,5988	0,3606
13,6011	0,3661
13,6029	0,3715
13,6043	0,3768
13,6053	0,3821
13,6062	0,3873
13,6070	0,3924
13,6078	0,3975
13,6088	0,4025
13,6099	0,4074
13,6114	0,4123
13,6133	0,4171
13,6156	0,4220
13,6183	0,4268
13,6216	0,4316
13,6254	0,4364
13,6297	0,4413
13,6345	0,4463
13,6398	0,4513
13,6456	0,4565
13,6519	0,4617
13,6585	0,4671
13,6654	0,4727
13,6727	0,4784
13,6801	0,4843
13,6877	0,4904
13,6954	0,4967
13,7031	0,5031
13,7107	0,5097
13,7182	0,5165
13,7256	0,5235
13,7327	0,5306
13,7396	0,5379
13,7461	0,5453
13,7523	0,5528
13,7580	0,5605
13,7634	0,5682
13,7684	0,5760
13,7729	0,5838
13,7770	0,5916
13,7807	0,5994
13,7840	0,6072
13,7869	0,6149
13,7895	0,6226
13,7918	0,6302
13,7939	0,6376
13,7958	0,6449
13,7975	0,6521
13,7992	0,6591
13,8008	0,6659
13,8025	0,6725
13,8043	0,6789
13,8062	0,6850
13,8085	0,6909
13,8110	0,6966
13,8139	0,7020
13,8172	0,7072
13,8209	0,7121
13,8252	0,7168
13,8301	0,7212
13,8355	0,7253
13,8416	0,7292
13,8483	0,7329
13,8556	0,7363
13,8636	0,7395
13,8723	0,7425
13,8816	0,7452
13,8915	0,7478
13,9020	0,7502
13,9130	0,7524
13,9245	0,7544
13,9365	0,7562
13,9488	0,7579
13,9615	0,7594
13,9745	0,7608
13,9876	0,7621
14,0008	0,7632
14,0140	0,7643
14,0272	0,7651
14,0402	0,7659
14,0530	0,7666
14,0656	0,7671
14,0777	0,7675
14,0895	0,7677
14,1008	0,7679
14,1115	0,7678
14,1216	0,7677
14,1311	0,7674
14,1400	0,7669
14,1481	0,7663
14,1556	0,7654
14,1623	0,7644
14,1683	0,7632
14,1736	0,7618
14,1782	0,7602
14,1822	0,7584
14,1855	0,7563
14,1882	0,7540
14,1904	0,7515
14,1921	0,7488
14,1933	0,7458
14,1942	0,7426
14,1947	0,7392
14,1949	0,7356
14,1950	0,7317
14,1949	0,7277
14,1947	0,7235
14,1945	0,7191
14,1943	0,7145
14,1942	0,7097
14,1943	0,7048
14,1946	0,6998
14,1951	0,6946
14,1959	0,6894
14,1971	0,6840
14,1985	0,6786
14,2004	0,6731
14,2026	0,6676
14,2052	0,6620
14,2082	0,6563
14,2116	0,6507
14,2154	0,6450
14,2196	0,6393
14,2242	0,6336
14,2291	0,6279
14,2344	0,6222
14,2400	0,6165
14,2458	0,6109
14,2519	0,6052
14,2583	0,5995
14,2648	0,5938
14,2715	0,5882
14,2784	0,5825
14,2853	0,5769
14,2924	0,5712
14,2995	0,5655
14,3067	0,5599
14,3139	0,5542
14,3211	0,5486
14,3283	0,5429
14,3355	0,5372
14,3426	0,5315
14,3497	0,5258
14,3568	0,5202
14,3638	0,5145
14,3708	0,5088
14,3777	0,5032
14,3845	0,4975
14,3914	0,4919
14,3981	0,4863
14,4049	0,4808
14,4116	0,4753
14,4183	0,4698
14,4249	0,4644
14,4316	0,4591
14,4382	0,4538
14,4448	0,4486
14,4513	0,4435
14,4579	0,4385
14,4644	0,4336
14,4709	0,4289
14,4773	0,4242
14,4837	0,4196
14,4901	0,4152
14,4965	0,4109
14,5028	0,4068
14,5091	0,4028
14,5153	0,3989
14,5214	0,3952
14,5275	0,3916
14,5336	0,3881
14,5396	0,3848
14,5456	0,3816
14,5515	0,3786
14,5574	0,3757
14,5632	0,3729
14,5691	0,3703
14,5749	0,3677
14,5808	0,3653
14,5866	0,3631
14,5926	0,3609
14,5985	0,3588
14,6046	0,3568
14,6107	0,3550
14,6169	0,3532
14,6233	0,3515
14,6298	0,3499
14,6364	0,3485
14,6432	0,3471
14,6501	0,3458
14,6572	0,3446
14,6645	0,3436
14,6720	0,3426
14,6796	0,3418
14,6874	0,3411
14,6953	0,3405
14,7034	0,3401
14,7116	0,3398
14,7199	0,3398
14,7282	0,3398
14,7366	0,3401
14,7451	0,3406
14,7536	0,3413
14,7620	0,3422
14,7704	0,3434
14,7787	0,3447
14,7869	0,3464
14,7949	0,3482
14,8028	0,3504
14,8105	0,3527
14,8180	0,3553
14,8253	0,3582
14,8323	0,3613
14,8391	0,3647
14,8455	0,3682
14,8517	0,3720
14,8576	0,3760
14,8632	0,3801
14,8685	0,3845
14,8734	0,3890
14,8781	0,3936
14,8825	0,3983
14,8866	0,4032
14,8905	0,4081
14,8941	0,4131
14,8975	0,4182
14,9007	0,4233
14,9037	0,4284
14,9066	0,4335
14,9094	0,4387
14,9122	0,4438
14,9149	0,4489
14,9176	0,4540
14,9203	0,4590
14,9231	0,4640
14,9261	0,4690
14,9292	0,4740
14,9326	0,4790
14,9362	0,4839
14,9400	0,4889
14,9442	0,4938
14,9488	0,4988
14,9537	0,5038
14,9590	0,5088
14,9647	0,5138
14,9709	0,5189
14,9774	0,5241
14,9845	0,5293
14,9919	0,5346
14,9998	0,5400
15,0080	0,5454
15,0166	0,5510
15,0256	0,5566
15,0348	0,5623
15,0443	0,5680
15,0541	0,5739
15,0639	0,5798
15,0739	0,5857
15,0839	0,5917
15,0939	0,5978
15,1039	0,6038
15,1137	0,6099
15,1233	0,6160
15,1327	0,6220
15,1418	0,6280
15,1505	0,6339
15,1589	0,6398
15,1668	0,6455
15,1744	0,6512
15,1814	0,6568
15,1880	0,6622
15,1941	0,6674
15,1998	0,6725
15,2049	0,6775
15,2096	0,6822
15,2139	0,6867
15,2178	0,6911
15,2214	0,6952
15,2247	0,6992
15,2276	0,7029
15,2304	0,7064
15,2331	0,7097
15,2356	0,7127
15,2381	0,7156
15,2406	0,7182
15,2432	0,7207
15,2460	0,7229
15,2489	0,7250
15,2521	0,7268
15,2556	0,7285
15,2594	0,7301
15,2635	0,7314
15,2680	0,7327
15,2730	0,7338
15,2783	0,7348
15,2841	0,7356
