-0,4789	0,5371
-0,4730	0,5455
-0,4667	0,5539
-0,4598	0,5625
-0,4525	0,5712
-0,4448	0,5799
-0,4366	0,5888
-0,4280	0,5977
-0,4190	0,6066
-0,4097	0,6156
-0,4000	0,6247
-0,3901	0,6338
-0,3799	0,6428
-0,3696	0,6519
-0,3590	0,6609
-0,3484	0,6699
-0,3378	0,6788
-0,3271	0,6876
-0,3165	0,6963
-0,3059	0,7048
-0,2955	0,7132
-0,2853	0,7214
-0,2752	0,7294
-0,2655	0,7372
-0,2559	0,7447
-0,2467	0,7519
-0,2378	0,7589
-0,2292	0,7656
-0,2210	0,7719
-0,2132	0,7779
-0,2057	0,7835
-0,1986	0,7888
-0,1919	0,7936
-0,1855	0,7981
-0,1794	0,8022
-0,1737	0,8059
-0,1682	0,8091
-0,1630	0,8119
-0,1580	0,8143
-0,1533	0,8163
-0,1487	0,8178
-0,1442	0,8188
-0,1398	0,8194
-0,1355	0,8195
-0,1312	0,8192
-0,1269	0,8184
-0,1226	0,8172
-0,1182	0,8154
-0,1137	0,8133
-0,1092	0,8106
-0,1045	0,8075
-0,0997	0,8039
-0,0948	0,7998
-0,0897	0,7953
-0,0846	0,7904
-0,0793	0,7850
-0,0739	0,7791
-0,0684	0,7729
-0,0628	0,7662
-0,0571	0,7592
-0,0514	0,7518
-0,0456	0,7440
-0,0397	0,7359
-0,0338	0,7274
-0,0279	0,7187
-0,0220	0,7097
-0,0160	0,7004
-0,0099	0,6909
-0,0038	0,6812
0,0023	0,6713
0,0086	0,6613
0,0149	0,6511
0,0214	0,6408
0,0280	0,6305
0,0348	0,6201
0,0417	0,6096
0,0489	0,5991
0,0563	0,5886
0,0639	0,5781
0,0718	0,5677
0,0800	0,5573
0,0884	0,5469
0,0972	0,5366
0,1062	0,5264
0,1154	0,5162
0,1249	0,5062
0,1346	0,4962
0,1445	0,4864
0,1546	0,4767
0,1649	0,4671
0,1752	0,4577
0,1856	0,4485
0,1960	0,4394
0,2064	0,4305
0,2167	0,4217
0,2270	0,4132
0,2371	0,4049
0,2470	0,3969
0,2568	0,3891
0,2663	0,3815
0,2755	0,3742
0,2844	0,3672
0,2930	0,3605
0,3013	0,3541
0,3092	0,3480
0,3167	0,3422
0,3238	0,3368
0,3306	0,3317
0,3369	0,3270
0,3429	0,3227
0,3484	0,3187
0,3536	0,3152
0,3584	0,3120
0,3628	0,3092
0,3668	0,3069
0,3705	0,3049
0,3738	0,3034
0,3769	0,3023
0,3797	0,3016
0,3823	0,3013
0,3847	0,3015
0,3869	0,3021
0,3890	0,3032
0,3910	0,3047
0,3930	0,3066
0,3950	0,3090
0,3970	0,3118
0,3992	0,3150
0,4016	0,3186
0,4042	0,3227
0,4071	0,3271
0,4102	0,3319
0,4138	0,3371
0,4177	0,3426
0,4220	0,3484
0,4268	0,3546
0,4321	0,3610
0,4379	0,3678
0,4442	0,3748
0,4510	0,3820
0,4584	0,3894
0,4662	0,3971
0,4746	0,4050
0,4834	0,4130
0,4927	0,4212
0,5024	0,4295
0,5124	0,4379
0,5229	0,4464
0,5336	0,4551
0,5446	0,4638
0,5559	0,4726
0,5672	0,4814
0,5787	0,4903
0,5903	0,4993
0,6018	0,5082
0,6133	0,5172
0,6246	0,5262
0,6358	0,5352
0,6467	0,5442
0,6574	0,5532
0,6677	0,5622
0,6777	0,5712
0,6872	0,5801
0,6963	0,5890
0,7048	0,5978
0,7129	0,6066
0,7204	0,6154
0,7273	0,6241
0,7336	0,6328
0,7394	0,6414
0,7446	0,6500
0,7493	0,6585
0,7535	0,6669
0,7571	0,6753
0,7603	0,6836
0,7632	0,6918
0,7656	0,6999
0,7678	0,7079
0,7697	0,7159
0,7715	0,7237
0,7731	0,7313
0,7748	0,7388
0,7764	0,7462
0,7782	0,7534
0,7802	0,7604
0,7824	0,7671
0,7849	0,7737
0,7877	0,7799
0,7909	0,7859
0,7946	0,7916
0,7987	0,7969
0,8033	0,8019
0,8083	0,8065
0,8140	0,8107
0,8201	0,8144
0,8267	0,8177
0,8338	0,8205
0,8414	0,8229
0,8495	0,8247
0,8580	0,8260
0,8668	0,8267
0,8760	0,8269
0,8856	0,8266
0,8954	0,8256
0,9053	0,8241
0,9155	0,8220
0,9258	0,8193
0,9361	0,8160
0,9465	0,8121
0,9568	0,8077
0,9671	0,8028
0,9773	0,7973
0,9873	0,7913
0,9971	0,7848
1,0067	0,7778
1,0161	0,7704
1,0253	0,7625
1,0342	0,7543
1,0428	0,7457
1,0511	0,7367
1,0592	0,7275
1,0670	0,7180
1,0746	0,7082
1,0820	0,6982
1,0891	0,6881
1,0960	0,6778
1,1028	0,6673
1,1094	0,6568
1,1159	0,6462
1,1222	0,6355
1,1285	0,6248
1,1348	0,6141
1,1410	0,6034
1,1471	0,5927
1,1533	0,5820
1,1595	0,5714
1,1657	0,5609
1,1720	0,5504
1,1784	0,5400
1,1847	0,5298
1,1912	0,5196
1,1977	0,5095
1,2044	0,4995
1,2110	0,4896
1,2178	0,4799
1,2247	0,4703
1,2316	0,4609
1,2386	0,4516
1,2456	0,4425
1,2527	0,4335
1,2599	0,4247
1,2671	0,4161
1,2742	0,4077
1,2814	0,3995
1,2886	0,3916
1,2958	0,3839
1,3029	0,3764
1,3100	0,3693
1,3170	0,3624
1,3239	0,3558
1,3306	0,3495
1,3373	0,3437
1,3439	0,3381
1,3503	0,3330
1,3565	0,3282
1,3626	0,3239
1,3686	0,3200
1,3744	0,3165
1,3801	0,3135
1,3856	0,3109
1,3911	0,3088
1,3964	0,3072
1,4016	0,3060
1,4068	0,3053
1,4120	0,3050
1,4171	0,3052
1,4222	0,3058
1,4273	0,3068
1,4325	0,3083
1,4377	0,3101
1,4429	0,3122
1,4483	0,3147
1,4538	0,3175
1,4594	0,3205
1,4651	0,3239
1,4709	0,3274
1,4769	0,3312
1,4830	0,3352
1,4892	0,3393
1,4956	0,3436
1,5022	0,3480
1,5089	0,3525
1,5157	0,3572
1,5227	0,3619
1,5298	0,3667
1,5371	0,3717
1,5446	0,3767
1,5522	0,3818
1,5599	0,3870
1,5678	0,3923
1,5759	0,3977
1,5841	0,4032
1,5924	0,4089
1,6009	0,4146
1,6095	0,4206
1,6183	0,4267
1,6271	0,4330
1,6361	0,4395
1,6452	0,4462
1,6543	0,4532
1,6635	0,4603
1,6728	0,4678
1,6820	0,4754
1,6913	0,4834
1,7005	0,4916
1,7097	0,5000
1,7188	0,5087
1,7278	0,5177
1,7367	0,5269
1,7454	0,5364
1,7540	0,5461
1,7623	0,5560
1,7705	0,5660
1,7785	0,5763
1,7862	0,5866
1,7937	0,5971
1,8010	0,6076
1,8080	0,6182
1,8149	0,6288
1,8215	0,6394
1,8280	0,6500
1,8343	0,6604
1,8404	0,6707
1,8465	0,6808
1,8526	0,6908
1,8586	0,7005
1,8646	0,7099
1,8708	0,7191
1,8770	0,7279
1,8834	0,7364
1,8901	0,7445
1,8970	0,7522
1,9043	0,7595
1,9119	0,7663
1,9199	0,7727
1,9283	0,7786
1,9371	0,7841
1,9464	0,7891
1,9562	0,7936
1,9663	0,7976
1,9769	0,8012
1,9879	0,8043
1,9993	0,8069
2,0110	0,8091
2,0230	0,8108
2,0352	0,8121
2,0475	0,8130
2,0600	0,8136
2,0724	0,8137
2,0848	0,8135
2,0971	0,8129
2,1092	0,8120
2,1209	0,8108
2,1323	0,8093
2,1433	0,8075
2,1538	0,8055
2,1638	0,8031
2,1731	0,8005
2,1819	0,7977
2,1899	0,7946
2,1972	0,7912
2,2038	0,7877
2,2097	0,7838
2,2147	0,7797
2,2191	0,7753
2,2226	0,7707
2,2255	0,7658
2,2276	0,7606
2,2290	0,7550
2,2298	0,7492
2,2300	0,7431
2,2295	0,7367
2,2286	0,7299
2,2272	0,7228
2,2254	0,7153
2,2232	0,7075
2,2207	0,6994
2,2180	0,6909
2,2152	0,6822
2,2123	0,6731
2,2093	0,6637
2,2065	0,6540
2,2037	0,6441
2,2012	0,6340
2,1990	0,6236
2,1971	0,6130
2,1957	0,6023
2,1947	0,5915
2,1944	0,5806
2,1946	0,5696
2,1955	0,5586
2,1972	0,5476
2,1996	0,5366
2,2029	0,5258
2,2070	0,5150
2,2120	0,5044
2,2179	0,4940
2,2247	0,4838
2,2325	0,4738
2,2411	0,4641
2,2506	0,4547
2,2610	0,4455
2,2723	0,4367
2,2843	0,4283
2,2971	0,4201
2,3106	0,4123
2,3248	0,4049
2,3395	0,3978
2,3547	0,3911
2,3704	0,3847
2,3863	0,3787
2,4026	0,3730
2,4190	0,3677
2,4355	0,3626
2,4520	0,3579
2,4684	0,3535
2,4846	0,3493
2,5006	0,3455
2,5162	0,3419
2,5314	0,3385
2,5462	0,3354
2,5604	0,3325
2,5741	0,3299
2,5871	0,3274
2,5995	0,3252
2,6112	0,3232
2,6223	0,3214
2,6326	0,3198
2,6423	0,3184
2,6513	0,3172
2,6597	0,3163
2,6675	0,3155
2,6747	0,3150
2,6814	0,3148
2,6876	0,3148
2,6935	0,3151
2,6990	0,3156
2,7042	0,3164
2,7092	0,3175
2,7141	0,3190
2,7188	0,3207
2,7235	0,3228
2,7282	0,3251
2,7330	0,3278
2,7379	0,3309
2,7429	0,3343
2,7481	0,3380
2,7534	0,3421
2,7590	0,3465
2,7647	0,3512
2,7707	0,3563
2,7768	0,3616
2,7831	0,3673
2,7897	0,3733
2,7964	0,3797
2,8032	0,3863
2,8102	0,3931
2,8173	0,4003
2,8245	0,4077
2,8318	0,4154
2,8391	0,4232
2,8466	0,4313
2,8541	0,4397
2,8617	0,4481
2,8694	0,4568
2,8772	0,4656
2,8850	0,4746
2,8930	0,4837
2,9011	0,4929
2,9093	0,5021
2,9177	0,5114
2,9262	0,5208
2,9349	0,5302
2,9438	0,5395
2,9529	0,5489
2,9622	0,5581
2,9716	0,5674
2,9812	0,5765
2,9910	0,5855
3,0009	0,5943
3,0109	0,6030
3,0210	0,6116
3,0311	0,6199
3,0412	0,6280
3,0512	0,6359
3,0611	0,6436
3,0709	0,6511
3,0804	0,6583
3,0896	0,6653
3,0985	0,6721
3,1071	0,6786
3,1152	0,6849
3,1229	0,6909
3,1301	0,6967
3,1368	0,7023
3,1429	0,7077
3,1486	0,7129
3,1537	0,7179
3,1582	0,7228
3,1623	0,7274
3,1658	0,7319
3,1689	0,7362
3,1715	0,7404
3,1738	0,7444
3,1756	0,7482
3,1771	0,7519
3,1783	0,7554
3,1793	0,7588
3,1801	0,7620
3,1807	0,7650
3,1812	0,7679
3,1816	0,7705
3,1819	0,7730
3,1823	0,7753
3,1827	0,7774
3,1832	0,7792
3,1837	0,7809
3,1844	0,7823
3,1853	0,7834
3,1863	0,7843
3,1875	0,7850
3,1890	0,7853
3,1907	0,7854
3,1926	0,7853
3,1949	0,7848
3,1975	0,7840
3,2005	0,7829
3,2038	0,7816
3,2076	0,7799
3,2117	0,7779
3,2163	0,7756
3,2213	0,7729
3,2269	0,7700
3,2329	0,7667
3,2394	0,7630
3,2464	0,7590
3,2539	0,7547
3,2620	0,7501
3,2705	0,7451
3,2795	0,7397
3,2890	0,7340
3,2990	0,7280
3,3094	0,7216
3,3202	0,7149
3,3313	0,7078
3,3428	0,7005
3,3546	0,6928
3,3666	0,6848
3,3788	0,6765
3,3911	0,6679
3,4035	0,6591
3,4159	0,6500
3,4283	0,6406
3,4406	0,6311
3,4527	0,6213
3,4646	0,6113
3,4762	0,6012
3,4876	0,5909
3,4985	0,5805
3,5090	0,5701
3,5190	0,5595
3,5285	0,5490
3,5375	0,5384
3,5459	0,5279
3,5536	0,5175
3,5607	0,5071
3,5672	0,4969
3,5731	0,4868
3,5783	0,4769
3,5829	0,4673
3,5869	0,4579
3,5904	0,4488
3,5934	0,4400
3,5959	0,4316
3,5981	0,4235
3,6000	0,4158
3,6016	0,4085
3,6031	0,4016
3,6045	0,3951
3,6059	0,3891
3,6075	0,3835
3,6094	0,3783
3,6115	0,3736
3,6141	0,3693
3,6172	0,3654
3,6208	0,3619
3,6251	0,3588
3,6301	0,3561
3,6359	0,3537
3,6425	0,3517
3,6500	0,3500
3,6583	0,3485
3,6675	0,3474
3,6776	0,3464
3,6884	0,3457
3,7001	0,3452
3,7126	0,3449
3,7258	0,3447
3,7396	0,3447
3,7540	0,3449
3,7689	0,3452
3,7842	0,3455
3,7998	0,3460
3,8156	0,3467
3,8316	0,3474
3,8474	0,3482
3,8632	0,3491
3,8788	0,3502
3,8940	0,3514
3,9088	0,3527
3,9230	0,3541
3,9366	0,3557
3,9494	0,3575
3,9615	0,3594
3,9726	0,3616
3,9828	0,3639
3,9919	0,3665
4,0000	0,3693
4,0070	0,3723
4,0129	0,3756
4,0176	0,3792
4,0212	0,3831
4,0237	0,3874
4,0251	0,3919
4,0254	0,3968
4,0248	0,4020
4,0233	0,4076
4,0210	0,4135
4,0179	0,4198
4,0142	0,4264
4,0100	0,4334
4,0055	0,4407
4,0007	0,4484
3,9958	0,4564
3,9909	0,4647
3,9861	0,4733
3,9817	0,4821
3,9776	0,4912
3,9741	0,5006
3,9713	0,5101
3,9692	0,5197
3,9679	0,5295
3,9676	0,5394
3,9683	0,5494
3,9701	0,5593
3,9730	0,5693
3,9770	0,5792
3,9821	0,5890
3,9884	0,5987
3,9958	0,6083
4,0043	0,6177
4,0139	0,6268
4,0245	0,6357
4,0360	0,6443
4,0483	0,6527
4,0615	0,6607
4,0754	0,6684
4,0898	0,6757
4,1048	0,6827
4,1201	0,6892
4,1358	0,6954
4,1516	0,7012
4,1675	0,7066
4,1833	0,7117
4,1990	0,7163
4,2144	0,7206
4,2296	0,7245
4,2442	0,7281
4,2584	0,7313
4,2720	0,7343
4,2849	0,7369
4,2971	0,7393
4,3086	0,7415
4,3193	0,7434
4,3291	0,7452
4,3382	0,7468
4,3464	0,7482
4,3539	0,7496
4,3605	0,7508
4,3663	0,7520
4,3715	0,7532
4,3760	0,7543
4,3798	0,7554
4,3831	0,7565
4,3859	0,7576
4,3883	0,7587
4,3904	0,7599
4,3922	0,7610
4,3939	0,7622
4,3954	0,7634
4,3970	0,7646
4,3987	0,7658
4,4005	0,7670
4,4025	0,7681
4,4048	0,7691
4,4075	0,7700
4,4105	0,7708
4,4140	0,7715
4,4180	0,7719
4,4224	0,7721
4,4273	0,7721
4,4327	0,7717
4,4386	0,7711
4,4450	0,7700
4,4518	0,7686
4,4590	0,7668
4,4665	0,7645
4,4744	0,7618
4,4825	0,7586
4,4909	0,7549
4,4994	0,7506
4,5080	0,7458
4,5167	0,7405
4,5253	0,7347
4,5339	0,7283
4,5423	0,7214
4,5506	0,7140
4,5587	0,7061
4,5666	0,6976
4,5743	0,6888
4,5816	0,6794
4,5888	0,6697
4,5956	0,6595
4,6021	0,6490
4,6084	0,6382
4,6144	0,6271
4,6203	0,6158
4,6259	0,6043
4,6313	0,5926
4,6366	0,5808
4,6419	0,5689
4,6471	0,5570
4,6523	0,5451
4,6575	0,5333
4,6629	0,5216
4,6683	0,5100
4,6740	0,4985
4,6799	0,4873
4,6860	0,4763
4,6924	0,4656
4,6991	0,4552
4,7061	0,4451
4,7135	0,4354
4,7212	0,4261
4,7292	0,4171
4,7377	0,4085
4,7464	0,4004
4,7554	0,3926
4,7648	0,3853
4,7744	0,3784
4,7842	0,3720
4,7942	0,3659
4,8043	0,3603
4,8145	0,3551
4,8248	0,3502
4,8350	0,3458
4,8451	0,3417
4,8551	0,3380
4,8649	0,3347
4,8745	0,3316
4,8837	0,3289
4,8926	0,3265
4,9011	0,3243
4,9092	0,3225
4,9168	0,3208
4,9239	0,3195
4,9304	0,3183
4,9365	0,3174
4,9420	0,3167
4,9469	0,3162
4,9514	0,3159
4,9553	0,3158
4,9588	0,3159
4,9617	0,3163
4,9643	0,3168
4,9665	0,3175
4,9684	0,3184
4,9700	0,3195
4,9714	0,3209
4,9726	0,3224
4,9736	0,3242
4,9747	0,3263
4,9757	0,3286
4,9768	0,3312
4,9780	0,3340
4,9794	0,3371
4,9810	0,3405
4,9829	0,3442
4,9851	0,3481
4,9877	0,3524
4,9907	0,3569
4,9942	0,3617
4,9981	0,3668
5,0025	0,3722
5,0074	0,3778
5,0128	0,3837
5,0187	0,3898
5,0251	0,3962
5,0320	0,4027
5,0394	0,4094
5,0473	0,4163
5,0555	0,4234
5,0642	0,4305
5,0732	0,4378
5,0825	0,4452
5,0921	0,4526
5,1019	0,4601
5,1120	0,4676
5,1221	0,4751
5,1324	0,4826
5,1427	0,4901
5,1530	0,4976
5,1633	0,5050
5,1735	0,5124
5,1837	0,5197
5,1937	0,5270
5,2035	0,5342
5,2131	0,5414
5,2226	0,5485
5,2318	0,5555
5,2408	0,5625
5,2496	0,5695
5,2581	0,5765
5,2663	0,5834
5,2743	0,5903
5,2821	0,5972
5,2897	0,6041
5,2970	0,6110
5,3041	0,6180
5,3111	0,6250
5,3179	0,6320
5,3246	0,6391
5,3312	0,6462
5,3377	0,6533
5,3441	0,6605
5,3504	0,6677
5,3568	0,6749
5,3631	0,6821
5,3694	0,6893
5,3758	0,6965
5,3821	0,7036
5,3885	0,7106
5,3949	0,7175
5,4014	0,7243
5,4078	0,7309
5,4143	0,7373
5,4207	0,7435
5,4271	0,7494
5,4335	0,7550
5,4397	0,7603
5,4459	0,7652
5,4520	0,7697
5,4579	0,7738
5,4636	0,7774
5,4692	0,7806
5,4745	0,7833
5,4797	0,7854
5,4845	0,7871
5,4892	0,7882
5,4936	0,7888
5,4978	0,7889
5,5017	0,7884
5,5055	0,7874
5,5091	0,7860
5,5125	0,7840
5,5158	0,7815
5,5190	0,7787
5,5222	0,7753
5,5254	0,7716
5,5287	0,7676
5,5320	0,7631
5,5356	0,7584
5,5393	0,7534
5,5433	0,7482
5,5476	0,7427
5,5522	0,7370
5,5573	0,7313
5,5628	0,7254
5,5687	0,7194
5,5751	0,7133
5,5820	0,7072
5,5894	0,7011
5,5974	0,6950
5,6058	0,6889
5,6147	0,6829
5,6241	0,6769
5,6340	0,6709
5,6442	0,6651
5,6549	0,6593
5,6658	0,6535
5,6769	0,6479
5,6882	0,6423
5,6997	0,6367
5,7111	0,6312
5,7225	0,6258
5,7338	0,6204
5,7448	0,6150
5,7556	0,6096
5,7659	0,6041
5,7759	0,5987
5,7854	0,5932
5,7943	0,5877
5,8026	0,5821
5,8103	0,5764
5,8174	0,5706
5,8238	0,5647
5,8295	0,5587
5,8346	0,5526
5,8390	0,5463
5,8429	0,5399
5,8461	0,5333
5,8489	0,5266
5,8512	0,5197
5,8532	0,5127
5,8548	0,5056
5,8563	0,4982
5,8575	0,4908
5,8588	0,4832
5,8601	0,4756
5,8615	0,4678
5,8631	0,4599
5,8650	0,4520
5,8673	0,4441
5,8700	0,4361
5,8733	0,4281
5,8772	0,4202
5,8817	0,4123
5,8869	0,4045
5,8928	0,3968
5,8994	0,3892
5,9068	0,3818
5,9150	0,3746
5,9239	0,3676
5,9335	0,3608
5,9438	0,3543
5,9548	0,3480
5,9664	0,3421
5,9785	0,3365
5,9912	0,3312
6,0042	0,3263
6,0175	0,3217
6,0311	0,3176
6,0448	0,3138
6,0586	0,3104
6,0724	0,3075
6,0860	0,3050
6,0995	0,3029
6,1126	0,3012
6,1254	0,3000
6,1377	0,2992
6,1496	0,2988
6,1608	0,2989
6,1714	0,2993
6,1814	0,3001
6,1906	0,3013
6,1991	0,3029
6,2068	0,3049
6,2137	0,3072
6,2198	0,3098
6,2251	0,3128
6,2296	0,3160
6,2333	0,3196
6,2363	0,3234
6,2386	0,3274
6,2402	0,3318
6,2412	0,3363
6,2416	0,3411
6,2415	0,3461
6,2410	0,3513
6,2401	0,3567
6,2389	0,3623
6,2375	0,3681
6,2359	0,3740
6,2343	0,3802
6,2328	0,3865
6,2313	0,3930
6,2301	0,3997
6,2292	0,4066
6,2286	0,4136
6,2284	0,4208
6,2288	0,4282
6,2297	0,4357
6,2313	0,4433
6,2334	0,4512
6,2363	0,4591
6,2399	0,4672
6,2442	0,4755
6,2493	0,4839
6,2551	0,4924
6,2616	0,5010
6,2689	0,5097
6,2768	0,5185
6,2853	0,5273
6,2944	0,5362
6,3040	0,5452
6,3142	0,5542
6,3247	0,5633
6,3355	0,5723
6,3467	0,5813
6,3580	0,5903
6,3694	0,5992
6,3809	0,6081
6,3924	0,6168
6,4037	0,6255
6,4148	0,6341
6,4257	0,6425
6,4364	0,6508
6,4466	0,6589
6,4565	0,6668
6,4659	0,6745
6,4748	0,6821
6,4833	0,6894
6,4913	0,6965
6,4987	0,7034
6,5057	0,7100
6,5123	0,7164
6,5184	0,7226
6,5240	0,7285
6,5294	0,7341
6,5344	0,7395
6,5392	0,7446
6,5439	0,7495
6,5484	0,7540
6,5528	0,7584
6,5573	0,7624
6,5619	0,7662
6,5667	0,7697
6,5716	0,7730
6,5769	0,7760
6,5825	0,7787
6,5885	0,7812
6,5949	0,7834
6,6017	0,7854
6,6091	0,7871
6,6170	0,7885
6,6253	0,7897
6,6342	0,7906
6,6435	0,7913
6,6533	0,7916
6,6635	0,7918
6,6740	0,7916
6,6849	0,7912
6,6960	0,7905
6,7073	0,7895
6,7186	0,7882
6,7300	0,7866
6,7413	0,7848
6,7525	0,7827
6,7635	0,7803
6,7742	0,7775
6,7845	0,7745
6,7944	0,7713
6,8037	0,7677
6,8126	0,7638
6,8208	0,7596
6,8284	0,7552
6,8354	0,7504
6,8416	0,7454
6,8472	0,7401
6,8522	0,7345
6,8564	0,7287
6,8601	0,7226
6,8631	0,7162
6,8656	0,7096
6,8675	0,7027
6,8690	0,6956
6,8702	0,6882
6,8709	0,6807
6,8715	0,6729
6,8719	0,6649
6,8721	0,6568
6,8724	0,6485
6,8728	0,6401
6,8733	0,6316
6,8741	0,6229
6,8752	0,6142
6,8768	0,6054
6,8788	0,5966
6,8814	0,5877
6,8846	0,5788
6,8885	0,5699
6,8931	0,5611
6,8985	0,5523
6,9046	0,5436
6,9116	0,5349
6,9193	0,5264
6,9278	0,5179
6,9371	0,5096
6,9471	0,5015
6,9577	0,4934
6,9690	0,4855
6,9808	0,4778
6,9931	0,4703
7,0058	0,4629
7,0188	0,4557
7,0319	0,4487
7,0452	0,4419
7,0584	0,4353
7,0715	0,4288
7,0843	0,4225
7,0968	0,4165
7,1089	0,4106
7,1204	0,4049
7,1312	0,3993
7,1414	0,3940
7,1508	0,3888
7,1593	0,3839
7,1669	0,3791
7,1736	0,3745
7,1793	0,3701
7,1841	0,3658
7,1879	0,3618
7,1908	0,3580
7,1928	0,3544
7,1939	0,3510
7,1943	0,3478
7,1940	0,3448
7,1932	0,3420
7,1918	0,3395
7,1901	0,3372
7,1881	0,3351
7,1861	0,3333
7,1840	0,3317
7,1822	0,3304
7,1806	0,3293
7,1795	0,3284
7,1790	0,3278
7,1791	0,3273
7,1801	0,3272
7,1819	0,3272
7,1848	0,3275
7,1887	0,3280
7,1938	0,3286
7,2000	0,3295
7,2074	0,3306
7,2160	0,3319
7,2258	0,3333
7,2367	0,3349
7,2488	0,3367
7,2619	0,3387
7,2760	0,3408
7,2909	0,3431
7,3067	0,3455
7,3231	0,3481
7,3400	0,3509
7,3574	0,3538
7,3750	0,3569
7,3927	0,3601
7,4104	0,3636
7,4280	0,3672
7,4453	0,3709
7,4621	0,3749
7,4784	0,3790
7,4940	0,3833
7,5088	0,3879
7,5227	0,3926
7,5357	0,3975
7,5476	0,4027
7,5585	0,4080
7,5682	0,4136
7,5767	0,4194
7,5841	0,4254
7,5903	0,4316
7,5954	0,4381
7,5994	0,4447
7,6023	0,4515
7,6043	0,4586
7,6053	0,4658
7,6054	0,4731
7,6048	0,4807
7,6036	0,4884
7,6018	0,4962
7,5996	0,5041
7,5971	0,5121
7,5944	0,5202
7,5916	0,5284
7,5889	0,5366
7,5863	0,5449
7,5840	0,5532
7,5820	0,5615
7,5806	0,5698
7,5797	0,5780
7,5794	0,5862
7,5799	0,5943
7,5811	0,6024
7,5832	0,6103
7,5862	0,6182
7,5900	0,6259
7,5948	0,6335
7,6005	0,6410
7,6071	0,6483
7,6146	0,6555
7,6230	0,6625
7,6321	0,6694
7,6419	0,6761
7,6524	0,6826
7,6635	0,6889
7,6751	0,6951
7,6871	0,7011
7,6995	0,7070
7,7121	0,7127
7,7248	0,7182
7,7376	0,7235
7,7503	0,7287
7,7630	0,7337
7,7754	0,7386
7,7876	0,7433
7,7994	0,7478
7,8109	0,7521
7,8219	0,7563
7,8324	0,7602
7,8424	0,7640
7,8519	0,7676
7,8608	0,7709
7,8691	0,7740
7,8769	0,7768
7,8841	0,7794
7,8908	0,7817
7,8969	0,7837
7,9024	0,7853
7,9075	0,7867
7,9121	0,7877
7,9163	0,7884
7,9201	0,7887
7,9236	0,7886
7,9267	0,7882
7,9295	0,7874
7,9321	0,7863
7,9345	0,7847
7,9367	0,7829
7,9389	0,7806
7,9410	0,7780
7,9430	0,7751
7,9451	0,7718
7,9472	0,7683
7,9494	0,7644
7,9517	0,7603
7,9542	0,7560
7,9568	0,7514
7,9597	0,7466
7,9629	0,7416
7,9663	0,7364
7,9700	0,7311
7,9740	0,7256
7,9783	0,7200
7,9830	0,7143
7,9880	0,7084
7,9934	0,7025
7,9992	0,6964
8,0054	0,6903
8,0119	0,6841
8,0188	0,6778
8,0260	0,6714
8,0335	0,6649
8,0414	0,6582
8,0496	0,6515
8,0580	0,6447
8,0667	0,6377
8,0755	0,6305
8,0845	0,6232
8,0937	0,6158
8,1028	0,6082
8,1121	0,6004
8,1212	0,5924
8,1303	0,5843
8,1393	0,5759
8,1481	0,5675
8,1567	0,5588
8,1651	0,5501
8,1731	0,5412
8,1809	0,5321
8,1884	0,5230
8,1954	0,5139
8,2022	0,5047
8,2085	0,4954
8,2145	0,4863
8,2201	0,4771
8,2254	0,4681
8,2304	0,4591
8,2351	0,4504
8,2394	0,4418
8,2436	0,4335
8,2475	0,4254
8,2513	0,4176
8,2549	0,4101
8,2585	0,4030
8,2621	0,3963
8,2656	0,3900
8,2693	0,3841
8,2730	0,3787
8,2769	0,3736
8,2809	0,3691
8,2851	0,3650
8,2896	0,3613
8,2944	0,3582
8,2994	0,3554
8,3047	0,3531
8,3103	0,3512
8,3162	0,3497
8,3224	0,3486
8,3288	0,3478
8,3355	0,3473
8,3424	0,3472
8,3494	0,3473
8,3566	0,3477
8,3639	0,3482
8,3713	0,3490
8,3787	0,3499
8,3861	0,3509
8,3934	0,3521
8,4006	0,3533
8,4076	0,3546
8,4145	0,3560
8,4212	0,3574
8,4276	0,3589
8,4338	0,3604
8,4398	0,3619
8,4455	0,3634
8,4510	0,3650
8,4563	0,3666
8,4614	0,3683
8,4664	0,3701
8,4713	0,3719
8,4761	0,3739
8,4809	0,3759
8,4858	0,3781
8,4908	0,3804
8,4961	0,3828
8,5016	0,3854
8,5075	0,3882
8,5138	0,3912
8,5207	0,3944
8,5280	0,3977
8,5360	0,4013
8,5447	0,4051
8,5540	0,4090
8,5640	0,4132
8,5748	0,4175
8,5863	0,4220
8,5985	0,4267
8,6113	0,4315
8,6248	0,4364
8,6388	0,4414
8,6532	0,4465
8,6681	0,4517
8,6832	0,4570
8,6984	0,4623
8,7137	0,4676
8,7289	0,4729
8,7439	0,4782
8,7585	0,4836
8,7726	0,4889
8,7861	0,4942
8,7988	0,4995
8,8107	0,5048
8,8217	0,5101
8,8316	0,5154
8,8404	0,5207
8,8481	0,5261
8,8547	0,5315
8,8600	0,5370
8,8642	0,5426
8,8673	0,5482
8,8693	0,5540
8,8704	0,5599
8,8705	0,5660
8,8699	0,5722
8,8686	0,5786
8,8668	0,5852
8,8647	0,5919
8,8624	0,5988
8,8600	0,6058
8,8577	0,6130
8,8556	0,6204
8,8540	0,6278
8,8529	0,6353
8,8524	0,6429
8,8528	0,6506
8,8539	0,6582
8,8560	0,6659
8,8590	0,6734
8,8631	0,6809
8,8681	0,6882
8,8741	0,6954
8,8810	0,7023
8,8887	0,7091
8,8973	0,7155
8,9065	0,7217
8,9163	0,7276
8,9266	0,7332
8,9371	0,7384
8,9478	0,7432
8,9586	0,7477
8,9693	0,7519
8,9797	0,7557
8,9897	0,7591
8,9992	0,7622
9,0082	0,7649
9,0165	0,7674
9,0240	0,7695
9,0307	0,7714
9,0366	0,7730
9,0417	0,7743
9,0459	0,7755
9,0493	0,7764
9,0519	0,7771
9,0539	0,7777
9,0553	0,7781
9,0561	0,7783
9,0565	0,7784
9,0567	0,7784
9,0567	0,7782
9,0567	0,7778
9,0568	0,7773
9,0571	0,7766
9,0578	0,7757
9,0589	0,7746
9,0607	0,7733
9,0630	0,7717
9,0661	0,7699
9,0700	0,7678
9,0747	0,7654
9,0802	0,7627
9,0866	0,7596
9,0939	0,7562
9,1019	0,7523
9,1106	0,7481
9,1201	0,7434
9,1300	0,7384
9,1405	0,7329
9,1512	0,7269
9,1622	0,7206
9,1733	0,7138
9,1842	0,7066
9,1950	0,6991
9,2053	0,6912
9,2152	0,6829
9,2244	0,6743
9,2327	0,6655
9,2402	0,6565
9,2467	0,6472
9,2520	0,6378
9,2562	0,6283
9,2591	0,6188
9,2607	0,6092
9,2611	0,5997
9,2602	0,5903
9,2580	0,5810
9,2547	0,5720
9,2503	0,5632
9,2449	0,5546
9,2387	0,5464
9,2317	0,5386
9,2242	0,5311
9,2164	0,5241
9,2083	0,5175
9,2003	0,5113
9,1926	0,5056
9,1854	0,5004
9,1788	0,4957
9,1732	0,4914
9,1687	0,4875
9,1656	0,4841
9,1640	0,4811
9,1641	0,4784
9,1662	0,4761
9,1703	0,4740
9,1765	0,4722
9,1850	0,4705
9,1958	0,4690
9,2089	0,4675
9,2244	0,4661
9,2422	0,4646
9,2623	0,4631
9,2845	0,4614
9,3088	0,4595
9,3349	0,4574
9,3627	0,4550
9,3920	0,4523
9,4224	0,4492
9,4538	0,4457
9,4859	0,4419
9,5182	0,4376
9,5507	0,4330
9,5828	0,4279
9,6142	0,4224
9,6448	0,4166
9,6741	0,4104
9,7018	0,4039
9,7276	0,3971
9,7514	0,3901
9,7727	0,3829
9,7915	0,3756
9,8076	0,3683
9,8207	0,3610
9,8309	0,3538
9,8380	0,3468
9,8420	0,3400
9,8429	0,3336
9,8408	0,3275
9,8359	0,3219
9,8282	0,3169
9,8179	0,3124
9,8053	0,3086
9,7906	0,3055
9,7741	0,3031
9,7561	0,3016
9,7370	0,3008
9,7171	0,3009
9,6967	0,3019
9,6763	0,3037
9,6561	0,3064
9,6366	0,3099
9,6181	0,3142
9,6009	0,3193
9,5854	0,3251
9,5718	0,3317
9,5603	0,3388
9,5513	0,3465
9,5448	0,3548
9,5411	0,3634
9,5402	0,3724
9,5422	0,3817
9,5472	0,3912
9,5550	0,4008
9,5658	0,4104
9,5792	0,4200
9,5953	0,4295
9,6139	0,4388
9,6346	0,4478
9,6574	0,4565
9,6819	0,4648
9,7079	0,4726
9,7351	0,4800
9,7631	0,4869
9,7917	0,4933
9,8205	0,4992
9,8493	0,5045
9,8777	0,5092
9,9054	0,5134
9,9322	0,5171
9,9578	0,5203
9,9820	0,5230
10,0046	0,5253
10,0254	0,5272
10,0443	0,5288
10,0611	0,5301
10,0758	0,5313
10,0883	0,5323
10,0987	0,5332
10,1068	0,5341
10,1129	0,5351
10,1170	0,5362
10,1191	0,5375
10,1194	0,5390
10,1181	0,5409
10,1154	0,5431
10,1113	0,5457
10,1062	0,5488
10,1002	0,5524
10,0934	0,5565
10,0863	0,5612
10,0788	0,5664
10,0712	0,5722
10,0638	0,5786
10,0566	0,5856
10,0498	0,5931
10,0437	0,6011
10,0382	0,6096
10,0336	0,6186
10,0298	0,6280
10,0270	0,6378
10,0252	0,6479
10,0245	0,6582
10,0249	0,6687
10,0263	0,6794
10,0288	0,6901
10,0322	0,7008
10,0367	0,7114
10,0420	0,7219
10,0482	0,7321
10,0551	0,7420
10,0627	0,7516
10,0710	0,7607
10,0797	0,7694
10,0888	0,7775
10,0983	0,7851
10,1081	0,7920
10,1181	0,7983
10,1282	0,8038
10,1383	0,8087
10,1484	0,8129
10,1585	0,8163
10,1686	0,8190
10,1785	0,8209
10,1883	0,8222
10,1979	0,8227
10,2074	0,8226
10,2167	0,8218
10,2259	0,8204
10,2350	0,8185
10,2440	0,8160
10,2529	0,8130
10,2618	0,8096
10,2706	0,8059
10,2795	0,8018
10,2883	0,7974
10,2972	0,7927
10,3062	0,7879
10,3152	0,7829
10,3244	0,7779
10,3337	0,7728
10,3430	0,7677
10,3525	0,7625
10,3621	0,7575
10,3717	0,7525
10,3814	0,7476
10,3912	0,7428
10,4010	0,7381
10,4107	0,7336
10,4204	0,7292
10,4301	0,7249
10,4396	0,7207
10,4490	0,7166
10,4582	0,7127
10,4672	0,7088
10,4760	0,7049
10,4845	0,7011
10,4928	0,6973
10,5007	0,6934
10,5084	0,6896
10,5159	0,6856
10,5230	0,6815
10,5299	0,6773
10,5366	0,6729
10,5430	0,6683
10,5492	0,6636
10,5553	0,6585
10,5613	0,6532
10,5671	0,6477
10,5730	0,6418
10,5788	0,6356
10,5847	0,6292
10,5907	0,6224
10,5968	0,6153
10,6030	0,6078
10,6095	0,6001
10,6162	0,5921
10,6231	0,5838
10,6303	0,5753
10,6378	0,5665
10,6455	0,5575
10,6536	0,5483
10,6619	0,5389
10,6704	0,5294
10,6792	0,5198
10,6881	0,5102
10,6972	0,5005
10,7064	0,4909
10,7157	0,4813
10,7249	0,4717
10,7341	0,4623
10,7432	0,4530
10,7521	0,4439
10,7608	0,4351
10,7692	0,4265
10,7772	0,4181
10,7848	0,4100
10,7919	0,4023
10,7986	0,3949
10,8047	0,3879
10,8102	0,3812
10,8151	0,3749
10,8193	0,3690
10,8230	0,3635
10,8260	0,3584
10,8284	0,3537
10,8301	0,3494
10,8313	0,3454
10,8319	0,3419
10,8321	0,3387
10,8318	0,3358
10,8311	0,3333
10,8301	0,3311
10,8288	0,3292
10,8274	0,3275
10,8259	0,3261
10,8244	0,3250
10,8230	0,3240
10,8219	0,3233
10,8209	0,3227
10,8204	0,3222
10,8203	0,3219
10,8208	0,3217
10,8218	0,3216
10,8236	0,3215
10,8260	0,3215
10,8293	0,3216
10,8334	0,3217
10,8383	0,3218
10,8442	0,3220
10,8509	0,3221
10,8585	0,3223
10,8670	0,3225
10,8763	0,3228
10,8865	0,3230
10,8974	0,3234
10,9090	0,3237
10,9212	0,3241
10,9339	0,3246
10,9471	0,3252
10,9606	0,3259
10,9744	0,3266
10,9883	0,3276
11,0022	0,3286
11,0160	0,3298
11,0297	0,3313
11,0430	0,3329
11,0559	0,3347
11,0684	0,3367
11,0802	0,3390
11,0913	0,3416
11,1017	0,3444
11,1113	0,3475
11,1200	0,3509
11,1278	0,3547
11,1347	0,3587
11,1407	0,3630
11,1457	0,3677
11,1499	0,3727
11,1532	0,3780
11,1556	0,3836
11,1574	0,3896
11,1584	0,3958
11,1589	0,4024
11,1589	0,4092
11,1585	0,4163
11,1579	0,4237
11,1571	0,4313
11,1562	0,4392
11,1555	0,4472
11,1549	0,4554
11,1547	0,4638
11,1548	0,4723
11,1556	0,4809
11,1569	0,4896
11,1589	0,4984
11,1617	0,5071
11,1653	0,5159
11,1698	0,5246
11,1752	0,5333
11,1815	0,5418
11,1887	0,5503
11,1968	0,5587
11,2058	0,5669
11,2156	0,5749
11,2261	0,5827
11,2373	0,5904
11,2492	0,5979
11,2615	0,6051
11,2743	0,6122
11,2874	0,6190
11,3007	0,6256
11,3140	0,6320
11,3273	0,6382
11,3405	0,6442
11,3534	0,6499
11,3659	0,6555
11,3779	0,6610
11,3893	0,6662
11,4001	0,6713
11,4101	0,6763
11,4192	0,6812
11,4275	0,6859
11,4349	0,6906
11,4413	0,6951
11,4467	0,6996
11,4512	0,7040
11,4546	0,7083
11,4572	0,7125
11,4588	0,7167
11,4597	0,7209
11,4597	0,7250
11,4590	0,7290
11,4577	0,7329
11,4559	0,7368
11,4537	0,7405
11,4512	0,7442
11,4485	0,7478
11,4457	0,7512
11,4430	0,7545
11,4404	0,7577
11,4381	0,7607
11,4362	0,7635
11,4349	0,7661
11,4341	0,7685
11,4340	0,7707
11,4347	0,7726
11,4362	0,7743
11,4387	0,7757
11,4421	0,7769
11,4465	0,7777
11,4519	0,7783
11,4583	0,7786
11,4657	0,7786
11,4741	0,7783
11,4835	0,7777
11,4938	0,7768
11,5049	0,7756
11,5168	0,7741
11,5294	0,7724
11,5426	0,7704
11,5563	0,7681
11,5704	0,7655
11,5848	0,7628
11,5994	0,7598
11,6142	0,7566
11,6289	0,7531
11,6435	0,7496
11,6579	0,7458
11,6720	0,7419
11,6857	0,7378
11,6989	0,7337
11,7116	0,7294
11,7236	0,7250
11,7351	0,7205
11,7458	0,7159
11,7558	0,7112
11,7650	0,7065
11,7735	0,7016
11,7812	0,6968
11,7882	0,6918
11,7945	0,6868
11,8001	0,6817
11,8051	0,6766
11,8094	0,6714
11,8132	0,6661
11,8166	0,6607
11,8195	0,6552
11,8221	0,6496
11,8244	0,6439
11,8265	0,6382
11,8285	0,6323
11,8304	0,6262
11,8323	0,6201
11,8343	0,6138
11,8364	0,6074
11,8386	0,6008
11,8411	0,5941
11,8439	0,5873
11,8469	0,5804
11,8503	0,5733
11,8541	0,5661
11,8582	0,5588
11,8626	0,5514
11,8674	0,5439
11,8726	0,5364
11,8782	0,5288
11,8840	0,5211
11,8902	0,5135
11,8967	0,5058
11,9034	0,4982
11,9104	0,4906
11,9175	0,4831
11,9248	0,4757
11,9323	0,4684
11,9398	0,4613
11,9474	0,4543
11,9551	0,4475
11,9628	0,4409
11,9705	0,4345
11,9781	0,4283
11,9858	0,4224
11,9933	0,4167
12,0009	0,4113
12,0084	0,4061
12,0158	0,4012
12,0231	0,3966
12,0305	0,3922
12,0377	0,3881
12,0450	0,3843
12,0522	0,3806
12,0594	0,3772
12,0666	0,3740
12,0739	0,3711
12,0812	0,3682
12,0885	0,3656
12,0958	0,3631
12,1033	0,3607
12,1108	0,3585
12,1184	0,3564
12,1260	0,3543
12,1337	0,3523
12,1415	0,3504
12,1494	0,3485
12,1573	0,3466
12,1653	0,3448
12,1733	0,3430
12,1813	0,3413
12,1893	0,3395
12,1972	0,3378
12,2052	0,3362
12,2130	0,3345
12,2207	0,3330
12,2283	0,3315
12,2357	0,3300
12,2430	0,3287
12,2501	0,3275
12,2570	0,3264
12,2636	0,3255
12,2700	0,3248
12,2762	0,3242
12,2821	0,3238
12,2877	0,3237
12,2931	0,3238
12,2983	0,3242
12,3032	0,3249
12,3079	0,3258
12,3124	0,3271
12,3166	0,3287
12,3208	0,3306
12,3248	0,3329
12,3287	0,3355
12,3325	0,3385
12,3362	0,3418
12,3399	0,3454
12,3436	0,3494
12,3474	0,3537
12,3512	0,3584
12,3550	0,3633
12,3590	0,3685
12,3631	0,3741
12,3674	0,3798
12,3718	0,3859
12,3764	0,3921
12,3811	0,3985
12,3860	0,4052
12,3911	0,4119
12,3964	0,4188
12,4019	0,4258
12,4076	0,4329
12,4134	0,4401
12,4193	0,4473
12,4254	0,4545
12,4316	0,4616
12,4380	0,4688
12,4444	0,4759
12,4508	0,4830
12,4573	0,4899
12,4639	0,4968
12,4704	0,5036
12,4769	0,5103
12,4834	0,5168
12,4898	0,5233
12,4961	0,5296
12,5023	0,5358
12,5084	0,5419
12,5144	0,5478
12,5203	0,5537
12,5260	0,5595
12,5315	0,5651
12,5369	0,5707
12,5421	0,5763
12,5472	0,5818
12,5521	0,5872
12,5569	0,5926
12,5615	0,5981
12,5660	0,6035
12,5703	0,6089
12,5746	0,6143
12,5787	0,6198
12,5828	0,6254
12,5868	0,6309
12,5907	0,6366
12,5946	0,6422
12,5985	0,6480
12,6024	0,6537
12,6062	0,6596
12,6101	0,6654
12,6141	0,6713
12,6180	0,6772
12,6221	0,6831
12,6261	0,6889
12,6303	0,6947
12,6344	0,7005
12,6387	0,7061
12,6429	0,7117
12,6472	0,7171
12,6516	0,7224
12,6559	0,7275
12,6603	0,7323
12,6647	0,7370
12,6691	0,7414
12,6734	0,7455
12,6778	0,7493
12,6820	0,7528
12,6863	0,7561
12,6905	0,7590
12,6946	0,7615
12,6987	0,7637
12,7027	0,7656
12,7067	0,7672
12,7107	0,7684
12,7147	0,7693
12,7187	0,7698
12,7227	0,7701
12,7268	0,7701
12,7310	0,7698
12,7353	0,7693
12,7398	0,7685
12,7445	0,7675
12,7495	0,7663
12,7547	0,7650
12,7602	0,7634
12,7661	0,7618
12,7724	0,7600
12,7791	0,7581
12,7862	0,7561
12,7938	0,7540
12,8019	0,7519
12,8105	0,7496
12,8195	0,7474
12,8290	0,7450
12,8390	0,7426
12,8494	0,7402
12,8603	0,7376
12,8715	0,7350
12,8831	0,7324
12,8949	0,7296
12,9070	0,7268
12,9193	0,7238
12,9317	0,7207
12,9442	0,7175
12,9566	0,7142
12,9690	0,7107
12,9813	0,7070
12,9933	0,7031
13,0050	0,6991
13,0164	0,6949
13,0274	0,6904
13,0379	0,6858
13,0479	0,6810
13,0574	0,6759
13,0663	0,6706
13,0746	0,6652
13,0823	0,6595
13,0893	0,6536
13,0957	0,6475
13,1015	0,6412
13,1066	0,6348
13,1112	0,6282
13,1152	0,6215
13,1186	0,6146
13,1217	0,6076
13,1243	0,6005
13,1265	0,5934
13,1285	0,5862
13,1303	0,5789
13,1319	0,5716
13,1334	0,5643
13,1350	0,5571
13,1366	0,5498
13,1384	0,5426
13,1404	0,5355
13,1427	0,5284
13,1454	0,5215
13,1484	0,5146
13,1519	0,5079
13,1559	0,5012
13,1604	0,4947
13,1655	0,4884
13,1712	0,4822
13,1775	0,4761
13,1843	0,4702
13,1917	0,4644
13,1997	0,4588
13,2082	0,4533
13,2171	0,4479
13,2266	0,4428
13,2364	0,4377
13,2466	0,4328
13,2570	0,4280
13,2677	0,4234
13,2784	0,4189
13,2892	0,4145
13,3000	0,4102
13,3107	0,4060
13,3212	0,4020
13,3314	0,3980
13,3413	0,3941
13,3508	0,3904
13,3598	0,3867
13,3683	0,3831
13,3762	0,3796
13,3835	0,3763
13,3901	0,3730
13,3960	0,3698
13,4013	0,3668
13,4058	0,3638
13,4096	0,3610
13,4128	0,3583
13,4153	0,3557
13,4172	0,3533
13,4186	0,3510
13,4194	0,3488
13,4198	0,3469
13,4198	0,3450
13,4195	0,3434
13,4190	0,3419
13,4183	0,3406
13,4176	0,3394
13,4169	0,3385
13,4163	0,3377
13,4159	0,3372
13,4157	0,3368
13,4159	0,3366
13,4165	0,3366
13,4175	0,3368
13,4191	0,3371
13,4212	0,3377
13,4239	0,3384
13,4272	0,3393
13,4312	0,3404
13,4358	0,3417
13,4411	0,3431
13,4470	0,3447
13,4535	0,3465
13,4607	0,3484
13,4684	0,3505
13,4767	0,3528
13,4855	0,3552
13,4948	0,3577
13,5044	0,3604
13,5144	0,3632
13,5247	0,3662
13,5352	0,3692
13,5459	0,3725
13,5567	0,3758
13,5676	0,3793
13,5785	0,3829
13,5894	0,3866
13,6002	0,3904
13,6109	0,3944
13,6215	0,3985
13,6319	0,4026
13,6421	0,4069
13,6522	0,4113
13,6619	0,4158
13,6715	0,4204
13,6808	0,4251
13,6899	0,4299
13,6988	0,4347
13,7074	0,4397
13,7158	0,4447
13,7240	0,4498
13,7321	0,4550
13,7399	0,4602
13,7476	0,4655
13,7551	0,4708
13,7625	0,4762
13,7697	0,4817
13,7768	0,4872
13,7838	0,4927
13,7908	0,4982
13,7976	0,5038
13,8044	0,5094
13,8110	0,5150
13,8177	0,5206
13,8242	0,5262
13,8307	0,5318
13,8371	0,5374
13,8435	0,5431
13,8498	0,5487
13,8561	0,5543
13,8623	0,5599
13,8685	0,5655
13,8746	0,5711
13,8807	0,5767
13,8867	0,5823
13,8926	0,5879
13,8985	0,5934
13,9043	0,5990
13,9101	0,6045
13,9158	0,6101
13,9214	0,6156
13,9269	0,6211
13,9324	0,6267
13,9379	0,6322
13,9432	0,6377
13,9486	0,6432
13,9538	0,6487
13,9590	0,6541
13,9641	0,6596
13,9692	0,6650
13,9742	0,6704
13,9791	0,6758
13,9840	0,6811
13,9888	0,6864
13,9936	0,6916
13,9983	0,6967
14,0029	0,7018
14,0075	0,7068
14,0120	0,7117
14,0165	0,7165
14,0209	0,7212
14,0252	0,7257
14,0295	0,7301
14,0338	0,7343
14,0379	0,7384
14,0421	0,7422
14,0461	0,7459
14,0502	0,7494
14,0542	0,7526
14,0581	0,7556
14,0620	0,7583
14,0659	0,7608
14,0698	0,7631
14,0737	0,7650
14,0775	0,7667
14,0814	0,7681
14,0853	0,7692
14,0892	0,7700
14,0932	0,7705
14,0972	0,7707
14,1012	0,7706
14,1054	0,7702
14,1096	0,7695
14,1138	0,7686
14,1181	0,7674
14,1226	0,7659
14,1271	0,7641
14,1316	0,7621
14,1363	0,7598
14,1410	0,7574
14,1458	0,7547
14,1507	0,7518
14,1557	0,7488
14,1607	0,7456
14,1658	0,7422
14,1709	0,7387
14,1761	0,7351
14,1813	0,7313
14,1866	0,7275
14,1919	0,7236
14,1973	0,7196
14,2027	0,7156
14,2081	0,7115
14,2136	0,7074
14,2192	0,7033
14,2248	0,6991
14,2305	0,6949
14,2363	0,6907
14,2421	0,6865
14,2481	0,6822
14,2541	0,6780
14,2603	0,6737
14,2666	0,6694
14,2730	0,6651
14,2796	0,6607
14,2863	0,6563
14,2933	0,6519
14,3003	0,6474
14,3076	0,6428
14,3151	0,6382
14,3228	0,6335
14,3306	0,6287
14,3387	0,6238
14,3470	0,6188
14,3554	0,6137
14,3640	0,6085
14,3728	0,6032
14,3817	0,5977
14,3908	0,5922
14,4000	0,5865
14,4093	0,5806
14,4186	0,5747
14,4280	0,5687
14,4374	0,5625
14,4468	0,5563
14,4561	0,5500
14,4654	0,5436
14,4745	0,5371
14,4836	0,5306
14,4924	0,5241
14,5011	0,5176
14,5096	0,5110
14,5178	0,5045
14,5259	0,4981
14,5337	0,4917
14,5412	0,4854
14,5484	0,4792
14,5555	0,4732
14,5622	0,4672
14,5687	0,4615
14,5750	0,4559
14,5810	0,4504
14,5868	0,4452
14,5924	0,4402
14,5978	0,4354
14,6031	0,4307
14,6082	0,4263
14,6132	0,4222
14,6180	0,4182
14,6228	0,4144
14,6275	0,4109
14,6321	0,4075
14,6367	0,4044
14,6413	0,4014
14,6458	0,3986
14,6503	0,3959
14,6548	0,3933
14,6593	0,3909
14,6638	0,3886
14,6683	0,3864
14,6728	0,3842
14,6773	0,3821
14,6818	0,3801
14,6864	0,3781
14,6909	0,3761
14,6954	0,3741
14,7000	0,3721
14,7045	0,3702
14,7091	0,3682
14,7136	0,3661
14,7181	0,3641
14,7226	0,3621
14,7271	0,3600
14,7315	0,3579
14,7360	0,3558
14,7404	0,3537
14,7448	0,3517
14,7491	0,3496
14,7534	0,3476
14,7577	0,3456
14,7620	0,3438
14,7662	0,3419
14,7704	0,3402
14,7745	0,3387
14,7786	0,3372
14,7827	0,3359
14,7868	0,3348
14,7909	0,3339
14,7950	0,3332
14,7990	0,3328
14,8031	0,3326
14,8072	0,3326
14,8114	0,3329
14,8156	0,3335
14,8198	0,3345
14,8241	0,3357
14,8286	0,3372
14,8331	0,3391
14,8378	0,3413
14,8426	0,3438
14,8476	0,3466
14,8528	0,3498
14,8581	0,3533
14,8637	0,3571
14,8694	0,3612
14,8754	0,3656
14,8816	0,3703
14,8881	0,3752
14,8948	0,3804
14,9018	0,3858
14,9089	0,3915
14,9164	0,3973
14,9240	0,4033
14,9319	0,4094
14,9399	0,4157
14,9482	0,4220
14,9566	0,4285
14,9651	0,4350
14,9738	0,4415
14,9826	0,4481
14,9915	0,4546
15,0004	0,4612
15,0094	0,4676
15,0184	0,4740
15,0274	0,4804
15,0364	0,4866
15,0453	0,4928
15,0542	0,4988
15,0629	0,5047
15,0716	0,5105
15,0802	0,5162
15,0886	0,5218
15,0969	0,5272
15,1051	0,5325
15,1131	0,5377
15,1210	0,5428
15,1287	0,5477
15,1362	0,5526
15,1436	0,5574
15,1509	0,5622
15,1579	0,5669
15,1649	0,5715
15,1717	0,5761
15,1784	0,5807
15,1849	0,5853
15,1913	0,5899
15,1976	0,5945
15,2038	0,5991
15,2099	0,6038
15,2159	0,6085
15,2218	0,6132
15,2276	0,6180
15,2334	0,6229
15,2390	0,6278
15,2446	0,6328
15,2501	0,6378
15,2555	0,6429
15,2608	0,6480
15,2661	0,6531
15,2713	0,6583
15,2764	0,6634
15,2815	0,6686
15,2864	0,6737
15,2913	0,6789
15,2961	0,6839
15,3008	0,6890
15,3054	0,6939
15,3099	0,6987
15,3144	0,7035
15,3187	0,7081
15,3229	0,7126
15,3271	0,7169
15,3312	0,7210
15,3351	0,7250
15,3390	0,7288
15,3428	0,7324
15,3466	0,7358
15,3502	0,7390
15,3539	0,7419
15,3574	0,7446
15,3610	0,7471
15,3645	0,7494
15,3681	0,7515
15,3717	0,7533
15,3753	0,7549
15,3790	0,7563
15,3827	0,7575
15,3866	0,7585
15,3906	0,7592
15,3948	0,7598
15,3991	0,7602
15,4037	0,7604
15,4084	0,7605
15,4134	0,7604
15,4185	0,7601
15,4240	0,7597
15,4296	0,7591
15,4356	0,7584
15,4417	0,7575
15,4482	0,7565
15,4548	0,7554
15,4617	0,7541
15,4687	0,7527
15,4760	0,7512
15,4834	0,7495
15,4909	0,7477
15,4985	0,7458
15,5063	0,7437
15,5140	0,7415
15,5218	0,7392
15,5295	0,7367
15,5373	0,7340
15,5449	0,7312
15,5524	0,7282
15,5598	0,7251
15,5671	0,7218
15,5742	0,7184
15,5811	0,7148
15,5878	0,7110
15,5943	0,7071
15,6006	0,7030
15,6068	0,6988
15,6127	0,6944
15,6185	0,6899
15,6241	0,6853
15,6296	0,6805
15,6351	0,6756
15,6404	0,6707
15,6458	0,6656
15,6511	0,6605
15,6565	0,6553
15,6620	0,6501
15,6676	0,6449
15,6734	0,6396
15,6794	0,6343
15,6856	0,6289
15,6921	0,6236
15,6988	0,6183
15,7058	0,6130
15,7132	0,6077
15,7209	0,6025
