-0,0516	0,7652
-0,0393	0,7703
-0,0271	0,7751
-0,0150	0,7795
-0,0031	0,7835
0,0085	0,7871
0,0198	0,7903
0,0308	0,7932
0,0413	0,7956
0,0514	0,7977
0,0610	0,7993
0,0701	0,8006
0,0786	0,8014
0,0866	0,8019
0,0939	0,8019
0,1007	0,8016
0,1068	0,8009
0,1124	0,7997
0,1173	0,7982
0,1217	0,7963
0,1256	0,7940
0,1289	0,7913
0,1318	0,7883
0,1343	0,7849
0,1363	0,7811
0,1381	0,7770
0,1395	0,7726
0,1408	0,7678
0,1418	0,7627
0,1428	0,7572
0,1437	0,7515
0,1447	0,7454
0,1457	0,7391
0,1468	0,7325
0,1481	0,7256
0,1496	0,7185
0,1514	0,7111
0,1534	0,7035
0,1558	0,6956
0,1586	0,6876
0,1618	0,6793
0,1653	0,6708
0,1693	0,6622
0,1738	0,6534
0,1786	0,6444
0,1839	0,6353
0,1896	0,6261
0,1958	0,6167
0,2023	0,6072
0,2092	0,5977
0,2165	0,5880
0,2241	0,5783
0,2320	0,5685
0,2402	0,5587
0,2487	0,5488
0,2574	0,5389
0,2662	0,5291
0,2752	0,5192
0,2843	0,5094
0,2936	0,4996
0,3029	0,4899
0,3122	0,4803
0,3216	0,4707
0,3310	0,4613
0,3403	0,4520
0,3496	0,4428
0,3589	0,4339
0,3681	0,4251
0,3772	0,4165
0,3863	0,4081
0,3953	0,3999
0,4042	0,3920
0,4130	0,3844
0,4217	0,3770
0,4304	0,3700
0,4389	0,3632
0,4474	0,3568
0,4558	0,3507
0,4642	0,3450
0,4725	0,3396
0,4808	0,3346
0,4891	0,3300
0,4973	0,3258
0,5055	0,3220
0,5138	0,3186
0,5220	0,3156
0,5303	0,3131
0,5386	0,3109
0,5470	0,3093
0,5554	0,3080
0,5639	0,3071
0,5723	0,3067
0,5809	0,3068
0,5895	0,3072
0,5981	0,3080
0,6067	0,3093
0,6154	0,3110
0,6241	0,3130
0,6328	0,3155
0,6414	0,3183
0,6501	0,3215
0,6587	0,3250
0,6673	0,3289
0,6758	0,3332
0,6843	0,3377
0,6927	0,3425
0,7011	0,3477
0,7094	0,3531
0,7176	0,3587
0,7258	0,3647
0,7339	0,3708
0,7419	0,3772
0,7499	0,3838
0,7579	0,3906
0,7658	0,3976
0,7737	0,4048
0,7815	0,4121
0,7894	0,4196
0,7972	0,4272
0,8051	0,4350
0,8130	0,4429
0,8209	0,4509
0,8288	0,4590
0,8368	0,4672
0,8447	0,4755
0,8527	0,4839
0,8608	0,4924
0,8688	0,5010
0,8769	0,5096
0,8850	0,5183
0,8930	0,5270
0,9011	0,5358
0,9091	0,5447
0,9171	0,5536
0,9250	0,5625
0,9328	0,5715
0,9406	0,5804
0,9482	0,5894
0,9557	0,5984
0,9631	0,6073
0,9703	0,6162
0,9773	0,6251
0,9841	0,6340
0,9907	0,6428
0,9970	0,6515
1,0032	0,6601
1,0091	0,6686
1,0147	0,6770
1,0201	0,6852
1,0253	0,6933
1,0302	0,7012
1,0349	0,7089
1,0395	0,7164
1,0438	0,7237
1,0479	0,7307
1,0519	0,7375
1,0558	0,7440
1,0597	0,7502
1,0634	0,7560
1,0672	0,7616
1,0710	0,7668
1,0749	0,7717
1,0788	0,7762
1,0830	0,7803
1,0873	0,7841
1,0918	0,7875
1,0967	0,7904
1,1018	0,7930
1,1072	0,7952
1,1130	0,7970
1,1193	0,7984
1,1259	0,7994
1,1329	0,7999
1,1404	0,8001
1,1484	0,7999
1,1568	0,7994
1,1657	0,7984
1,1751	0,7971
1,1849	0,7954
1,1951	0,7934
1,2058	0,7911
1,2169	0,7884
1,2284	0,7854
1,2402	0,7822
1,2524	0,7786
1,2648	0,7747
1,2774	0,7706
1,2903	0,7662
1,3032	0,7616
1,3163	0,7567
1,3294	0,7516
1,3425	0,7463
1,3554	0,7407
1,3683	0,7349
1,3810	0,7289
1,3934	0,7227
1,4056	0,7163
1,4174	0,7096
1,4288	0,7028
1,4398	0,6958
1,4503	0,6885
1,4603	0,6811
1,4698	0,6734
1,4788	0,6656
1,4871	0,6575
1,4949	0,6492
1,5021	0,6407
1,5087	0,6321
1,5147	0,6232
1,5201	0,6141
1,5250	0,6048
1,5294	0,5954
1,5332	0,5857
1,5366	0,5759
1,5395	0,5659
1,5420	0,5558
1,5442	0,5455
1,5461	0,5351
1,5477	0,5246
1,5491	0,5140
1,5504	0,5033
1,5516	0,4926
1,5527	0,4818
1,5539	0,4711
1,5551	0,4603
1,5565	0,4497
1,5580	0,4391
1,5597	0,4286
1,5616	0,4182
1,5638	0,4080
1,5664	0,3980
1,5692	0,3882
1,5725	0,3786
1,5761	0,3694
1,5800	0,3604
1,5844	0,3518
1,5891	0,3435
1,5942	0,3356
1,5996	0,3281
1,6054	0,3210
1,6116	0,3144
1,6180	0,3083
1,6248	0,3026
1,6317	0,2974
1,6389	0,2928
1,6463	0,2887
1,6539	0,2851
1,6615	0,2820
1,6693	0,2795
1,6770	0,2775
1,6848	0,2761
1,6925	0,2752
1,7002	0,2748
1,7078	0,2750
1,7152	0,2757
1,7225	0,2768
1,7296	0,2785
1,7364	0,2807
1,7430	0,2833
1,7494	0,2864
1,7555	0,2899
1,7612	0,2938
1,7667	0,2981
1,7719	0,3028
1,7767	0,3078
1,7813	0,3131
1,7855	0,3188
1,7895	0,3247
1,7931	0,3309
1,7965	0,3373
1,7996	0,3439
1,8025	0,3507
1,8052	0,3577
1,8077	0,3648
1,8101	0,3721
1,8123	0,3796
1,8145	0,3871
1,8166	0,3947
1,8187	0,4025
1,8209	0,4103
1,8231	0,4181
1,8254	0,4261
1,8279	0,4341
1,8306	0,4421
1,8335	0,4502
1,8366	0,4583
1,8401	0,4665
1,8438	0,4747
1,8480	0,4829
1,8525	0,4912
1,8573	0,4995
1,8626	0,5079
1,8684	0,5163
1,8745	0,5247
1,8811	0,5332
1,8881	0,5417
1,8956	0,5502
1,9034	0,5588
1,9117	0,5674
1,9204	0,5761
1,9294	0,5848
1,9388	0,5935
1,9485	0,6022
1,9586	0,6110
1,9689	0,6197
1,9794	0,6285
1,9901	0,6372
2,0010	0,6459
2,0121	0,6546
2,0232	0,6632
2,0344	0,6717
2,0456	0,6802
2,0568	0,6886
2,0680	0,6968
2,0790	0,7049
2,0900	0,7128
2,1008	0,7205
2,1115	0,7281
2,1220	0,7354
2,1323	0,7424
2,1423	0,7492
2,1521	0,7557
2,1616	0,7619
2,1709	0,7677
2,1799	0,7732
2,1886	0,7784
2,1970	0,7831
2,2052	0,7875
2,2130	0,7915
2,2206	0,7950
2,2280	0,7982
2,2351	0,8009
2,2419	0,8032
2,2486	0,8050
2,2551	0,8064
2,2614	0,8074
2,2676	0,8079
2,2737	0,8080
2,2797	0,8077
2,2856	0,8070
2,2916	0,8058
2,2975	0,8043
2,3035	0,8024
2,3097	0,8001
2,3159	0,7974
2,3223	0,7944
2,3288	0,7910
2,3356	0,7873
2,3426	0,7833
2,3499	0,7789
2,3575	0,7743
2,3653	0,7693
2,3734	0,7641
2,3819	0,7586
2,3906	0,7528
2,3996	0,7468
2,4089	0,7405
2,4184	0,7339
2,4282	0,7271
2,4382	0,7201
2,4484	0,7128
2,4587	0,7053
2,4691	0,6976
2,4796	0,6897
2,4901	0,6816
2,5005	0,6733
2,5109	0,6648
2,5210	0,6561
2,5310	0,6472
2,5408	0,6382
2,5502	0,6291
2,5592	0,6198
2,5679	0,6103
2,5761	0,6008
2,5839	0,5912
2,5911	0,5815
2,5978	0,5717
2,6039	0,5619
2,6094	0,5520
2,6144	0,5422
2,6187	0,5323
2,6225	0,5225
2,6256	0,5127
2,6282	0,5030
2,6303	0,4933
2,6318	0,4837
2,6329	0,4743
2,6336	0,4650
2,6338	0,4559
2,6338	0,4469
2,6335	0,4381
2,6331	0,4295
2,6325	0,4212
2,6318	0,4130
2,6312	0,4052
2,6306	0,3976
2,6303	0,3902
2,6301	0,3832
2,6303	0,3765
2,6308	0,3701
2,6317	0,3640
2,6331	0,3582
2,6351	0,3528
2,6376	0,3477
2,6407	0,3429
2,6445	0,3385
2,6490	0,3345
2,6542	0,3308
2,6601	0,3275
2,6668	0,3246
2,6741	0,3220
2,6822	0,3197
2,6911	0,3178
2,7006	0,3163
2,7107	0,3151
2,7215	0,3142
2,7329	0,3136
2,7449	0,3134
2,7573	0,3135
2,7702	0,3139
2,7835	0,3146
2,7971	0,3156
2,8109	0,3168
2,8250	0,3184
2,8392	0,3201
2,8535	0,3222
2,8678	0,3244
2,8821	0,3269
2,8962	0,3296
2,9102	0,3325
2,9239	0,3356
2,9374	0,3389
2,9506	0,3424
2,9634	0,3460
2,9758	0,3498
2,9878	0,3538
2,9993	0,3579
3,0104	0,3622
3,0209	0,3667
3,0310	0,3713
3,0406	0,3761
3,0496	0,3810
3,0582	0,3861
3,0663	0,3913
3,0739	0,3967
3,0811	0,4022
3,0878	0,4080
3,0941	0,4139
3,1000	0,4199
3,1056	0,4262
3,1108	0,4326
3,1158	0,4392
3,1205	0,4460
3,1249	0,4529
3,1291	0,4601
3,1332	0,4674
3,1371	0,4749
3,1409	0,4826
3,1447	0,4905
3,1483	0,4985
3,1519	0,5067
3,1554	0,5151
3,1589	0,5236
3,1624	0,5322
3,1660	0,5410
3,1695	0,5498
3,1731	0,5588
3,1767	0,5678
3,1804	0,5769
3,1841	0,5860
3,1879	0,5952
3,1917	0,6043
3,1956	0,6134
3,1996	0,6225
3,2037	0,6315
3,2078	0,6404
3,2120	0,6493
3,2163	0,6580
3,2206	0,6665
3,2250	0,6749
3,2295	0,6831
3,2341	0,6911
3,2388	0,6989
3,2435	0,7064
3,2484	0,7137
3,2533	0,7207
3,2583	0,7274
3,2633	0,7338
3,2685	0,7399
3,2737	0,7457
3,2790	0,7511
3,2844	0,7562
3,2899	0,7610
3,2954	0,7654
3,3011	0,7695
3,3067	0,7732
3,3125	0,7766
3,3183	0,7795
3,3242	0,7822
3,3302	0,7844
3,3362	0,7863
3,3422	0,7879
3,3483	0,7891
3,3545	0,7899
3,3607	0,7904
3,3669	0,7905
3,3732	0,7903
3,3795	0,7897
3,3859	0,7888
3,3923	0,7876
3,3987	0,7860
3,4052	0,7841
3,4117	0,7819
3,4183	0,7794
3,4249	0,7765
3,4315	0,7734
3,4383	0,7700
3,4451	0,7662
3,4520	0,7622
3,4589	0,7579
3,4660	0,7533
3,4732	0,7484
3,4805	0,7433
3,4879	0,7378
3,4955	0,7322
3,5032	0,7262
3,5112	0,7201
3,5192	0,7136
3,5275	0,7070
3,5360	0,7001
3,5447	0,6930
3,5536	0,6857
3,5627	0,6781
3,5720	0,6704
3,5815	0,6625
3,5912	0,6544
3,6011	0,6462
3,6112	0,6377
3,6215	0,6292
3,6319	0,6205
3,6425	0,6117
3,6532	0,6028
3,6639	0,5938
3,6748	0,5847
3,6856	0,5756
3,6965	0,5664
3,7073	0,5572
3,7181	0,5480
3,7288	0,5387
3,7394	0,5295
3,7498	0,5203
3,7601	0,5112
3,7701	0,5021
3,7800	0,4930
3,7895	0,4841
3,7988	0,4753
3,8077	0,4665
3,8164	0,4579
3,8247	0,4495
3,8326	0,4411
3,8402	0,4330
3,8474	0,4250
3,8542	0,4172
3,8606	0,4096
3,8666	0,4022
3,8723	0,3950
3,8776	0,3880
3,8825	0,3813
3,8871	0,3748
3,8913	0,3686
3,8952	0,3626
3,8989	0,3568
3,9023	0,3514
3,9055	0,3462
3,9084	0,3413
3,9112	0,3367
3,9139	0,3324
3,9165	0,3284
3,9190	0,3246
3,9215	0,3213
3,9240	0,3182
3,9266	0,3154
3,9293	0,3130
3,9322	0,3109
3,9352	0,3092
3,9385	0,3078
3,9420	0,3067
3,9458	0,3060
3,9499	0,3056
3,9543	0,3056
3,9591	0,3059
3,9643	0,3066
3,9698	0,3076
3,9757	0,3090
3,9819	0,3107
3,9886	0,3128
3,9955	0,3152
4,0029	0,3179
4,0105	0,3209
4,0184	0,3243
4,0266	0,3280
4,0350	0,3320
4,0437	0,3363
4,0524	0,3408
4,0613	0,3457
4,0703	0,3508
4,0793	0,3562
4,0883	0,3619
4,0973	0,3677
4,1062	0,3738
4,1149	0,3801
4,1235	0,3866
4,1318	0,3934
4,1400	0,4002
4,1478	0,4073
4,1554	0,4145
4,1627	0,4218
4,1697	0,4293
4,1763	0,4369
4,1826	0,4446
4,1886	0,4525
4,1943	0,4604
4,1997	0,4684
4,2047	0,4765
4,2095	0,4846
4,2140	0,4928
4,2184	0,5011
4,2225	0,5095
4,2264	0,5178
4,2302	0,5262
4,2340	0,5347
4,2376	0,5432
4,2412	0,5516
4,2449	0,5601
4,2485	0,5687
4,2523	0,5772
4,2561	0,5857
4,2600	0,5942
4,2641	0,6027
4,2684	0,6111
4,2728	0,6196
4,2775	0,6279
4,2823	0,6363
4,2874	0,6445
4,2928	0,6527
4,2983	0,6608
4,3042	0,6688
4,3102	0,6767
4,3165	0,6845
4,3230	0,6921
4,3298	0,6996
4,3368	0,7070
4,3440	0,7141
4,3514	0,7211
4,3589	0,7279
4,3667	0,7344
4,3746	0,7408
4,3827	0,7469
4,3909	0,7527
4,3992	0,7583
4,4077	0,7636
4,4162	0,7687
4,4249	0,7734
4,4337	0,7779
4,4425	0,7820
4,4515	0,7859
4,4605	0,7894
4,4696	0,7926
4,4788	0,7954
4,4880	0,7979
4,4973	0,8001
4,5067	0,8019
4,5161	0,8034
4,5255	0,8045
4,5350	0,8052
4,5446	0,8056
4,5541	0,8056
4,5637	0,8053
4,5733	0,8046
4,5829	0,8035
4,5924	0,8020
4,6019	0,8002
4,6114	0,7981
4,6208	0,7955
4,6301	0,7927
4,6393	0,7894
4,6484	0,7859
4,6573	0,7820
4,6660	0,7777
4,6746	0,7732
4,6830	0,7683
4,6912	0,7631
4,6992	0,7576
4,7070	0,7518
4,7145	0,7458
4,7218	0,7395
4,7288	0,7329
4,7356	0,7261
4,7422	0,7191
4,7485	0,7119
4,7546	0,7045
4,7605	0,6968
4,7661	0,6891
4,7716	0,6811
4,7769	0,6731
4,7820	0,6649
4,7870	0,6566
4,7919	0,6482
4,7967	0,6397
4,8014	0,6311
4,8060	0,6225
4,8105	0,6139
4,8151	0,6052
4,8195	0,5964
4,8240	0,5877
4,8285	0,5790
4,8330	0,5702
4,8375	0,5615
4,8420	0,5528
4,8465	0,5441
4,8511	0,5355
4,8556	0,5269
4,8602	0,5184
4,8648	0,5099
4,8694	0,5015
4,8741	0,4932
4,8787	0,4850
4,8834	0,4769
4,8881	0,4688
4,8927	0,4609
4,8974	0,4531
4,9022	0,4454
4,9069	0,4379
4,9117	0,4305
4,9165	0,4233
4,9214	0,4162
4,9263	0,4093
4,9313	0,4026
4,9364	0,3960
4,9416	0,3897
4,9470	0,3836
4,9525	0,3777
4,9582	0,3721
4,9640	0,3667
4,9701	0,3615
4,9764	0,3566
4,9830	0,3520
4,9898	0,3476
4,9969	0,3435
5,0044	0,3398
5,0121	0,3363
5,0202	0,3331
5,0286	0,3302
5,0373	0,3276
5,0464	0,3253
5,0559	0,3233
5,0657	0,3217
5,0758	0,3203
5,0862	0,3193
5,0970	0,3185
5,1080	0,3181
5,1193	0,3179
5,1308	0,3181
5,1426	0,3185
5,1545	0,3192
5,1665	0,3202
5,1787	0,3215
5,1908	0,3230
5,2030	0,3248
5,2151	0,3269
5,2271	0,3292
5,2389	0,3318
5,2506	0,3346
5,2620	0,3376
5,2731	0,3409
5,2838	0,3444
5,2942	0,3481
5,3041	0,3520
5,3135	0,3562
5,3225	0,3606
5,3309	0,3652
5,3387	0,3700
5,3459	0,3750
5,3526	0,3802
5,3586	0,3856
5,3640	0,3913
5,3687	0,3971
5,3729	0,4031
5,3765	0,4094
5,3795	0,4158
5,3820	0,4225
5,3839	0,4293
5,3854	0,4363
5,3865	0,4436
5,3871	0,4510
5,3875	0,4586
5,3876	0,4664
5,3875	0,4743
5,3873	0,4824
5,3870	0,4907
5,3867	0,4992
5,3864	0,5077
5,3864	0,5164
5,3865	0,5253
5,3869	0,5342
5,3877	0,5432
5,3888	0,5523
5,3904	0,5614
5,3926	0,5706
5,3953	0,5798
5,3985	0,5890
5,4025	0,5982
5,4070	0,6074
5,4123	0,6165
5,4182	0,6255
5,4248	0,6344
5,4321	0,6432
5,4400	0,6519
5,4486	0,6604
5,4578	0,6688
5,4676	0,6769
5,4779	0,6848
5,4887	0,6925
5,4999	0,6999
5,5115	0,7070
5,5234	0,7139
5,5355	0,7205
5,5478	0,7267
5,5602	0,7327
5,5726	0,7383
5,5849	0,7435
5,5972	0,7484
5,6092	0,7530
5,6210	0,7572
5,6324	0,7611
5,6435	0,7646
5,6541	0,7678
5,6643	0,7706
5,6739	0,7731
5,6830	0,7752
5,6915	0,7770
5,6994	0,7785
5,7068	0,7797
5,7135	0,7806
5,7197	0,7812
5,7252	0,7816
5,7303	0,7816
5,7348	0,7814
5,7388	0,7810
5,7424	0,7803
5,7457	0,7795
5,7486	0,7784
5,7513	0,7771
5,7537	0,7756
5,7561	0,7740
5,7583	0,7721
5,7606	0,7701
5,7630	0,7680
5,7655	0,7657
5,7682	0,7632
5,7712	0,7606
5,7745	0,7579
5,7782	0,7550
5,7823	0,7519
5,7868	0,7487
5,7919	0,7453
5,7975	0,7417
5,8037	0,7380
5,8103	0,7341
5,8176	0,7300
5,8253	0,7257
5,8336	0,7212
5,8423	0,7164
5,8515	0,7115
5,8611	0,7063
5,8711	0,7008
5,8813	0,6951
5,8918	0,6892
5,9024	0,6830
5,9131	0,6765
5,9238	0,6697
5,9345	0,6627
5,9450	0,6555
5,9553	0,6479
5,9653	0,6401
5,9750	0,6321
5,9842	0,6238
5,9930	0,6153
6,0013	0,6066
6,0090	0,5977
6,0161	0,5886
6,0225	0,5794
6,0283	0,5701
6,0335	0,5606
6,0381	0,5511
6,0420	0,5415
6,0453	0,5319
6,0480	0,5223
6,0502	0,5127
6,0519	0,5032
6,0532	0,4937
6,0542	0,4844
6,0549	0,4753
6,0553	0,4663
6,0556	0,4575
6,0559	0,4489
6,0562	0,4406
6,0565	0,4326
6,0571	0,4248
6,0579	0,4173
6,0590	0,4102
6,0605	0,4034
6,0625	0,3970
6,0649	0,3909
6,0679	0,3851
6,0715	0,3798
6,0757	0,3748
6,0805	0,3702
6,0860	0,3660
6,0922	0,3621
6,0990	0,3586
6,1064	0,3554
6,1145	0,3526
6,1232	0,3502
6,1325	0,3481
6,1423	0,3462
6,1526	0,3447
6,1633	0,3435
6,1744	0,3426
6,1858	0,3419
6,1975	0,3415
6,2094	0,3413
6,2215	0,3413
6,2336	0,3415
6,2457	0,3419
6,2577	0,3425
6,2697	0,3432
6,2815	0,3441
6,2931	0,3452
6,3044	0,3464
6,3154	0,3477
6,3261	0,3491
6,3364	0,3507
6,3463	0,3524
6,3558	0,3542
6,3649	0,3561
6,3735	0,3581
6,3818	0,3603
6,3895	0,3625
6,3969	0,3649
6,4039	0,3675
6,4105	0,3701
6,4167	0,3730
6,4227	0,3759
6,4283	0,3791
6,4337	0,3824
6,4389	0,3859
6,4439	0,3895
6,4488	0,3934
6,4536	0,3975
6,4583	0,4017
6,4631	0,4062
6,4679	0,4109
6,4728	0,4158
6,4778	0,4209
6,4830	0,4262
6,4884	0,4318
6,4940	0,4375
6,4999	0,4435
6,5061	0,4497
6,5125	0,4561
6,5192	0,4626
6,5263	0,4694
6,5337	0,4763
6,5414	0,4834
6,5494	0,4906
6,5577	0,4980
6,5663	0,5055
6,5751	0,5131
6,5842	0,5208
6,5936	0,5286
6,6031	0,5364
6,6128	0,5443
6,6227	0,5523
6,6326	0,5603
6,6427	0,5683
6,6527	0,5763
6,6627	0,5842
6,6727	0,5922
6,6826	0,6001
6,6924	0,6080
6,7021	0,6158
6,7115	0,6235
6,7208	0,6312
6,7298	0,6388
6,7385	0,6463
6,7469	0,6537
6,7550	0,6610
6,7628	0,6681
6,7703	0,6752
6,7774	0,6821
6,7841	0,6889
6,7905	0,6955
6,7966	0,7020
6,8023	0,7083
6,8077	0,7145
6,8127	0,7204
6,8175	0,7262
6,8220	0,7318
6,8263	0,7372
6,8303	0,7424
6,8342	0,7473
6,8378	0,7520
6,8413	0,7565
6,8448	0,7607
6,8481	0,7647
6,8513	0,7684
6,8545	0,7718
6,8577	0,7750
6,8610	0,7778
6,8642	0,7803
6,8675	0,7826
6,8708	0,7845
6,8742	0,7861
6,8777	0,7873
6,8813	0,7883
6,8850	0,7889
6,8888	0,7891
6,8927	0,7891
6,8967	0,7887
6,9009	0,7879
6,9052	0,7869
6,9096	0,7855
6,9141	0,7838
6,9188	0,7818
6,9237	0,7794
6,9286	0,7768
6,9338	0,7739
6,9391	0,7706
6,9446	0,7671
6,9502	0,7634
6,9561	0,7593
6,9622	0,7550
6,9684	0,7505
6,9749	0,7458
6,9816	0,7408
6,9886	0,7356
6,9958	0,7302
7,0033	0,7246
7,0110	0,7188
7,0190	0,7129
7,0272	0,7068
7,0358	0,7005
7,0445	0,6940
7,0536	0,6875
7,0629	0,6808
7,0724	0,6739
7,0821	0,6670
7,0921	0,6599
7,1022	0,6527
7,1125	0,6454
7,1229	0,6380
7,1334	0,6305
7,1440	0,6229
7,1546	0,6153
7,1652	0,6075
7,1757	0,5997
7,1861	0,5919
7,1963	0,5839
7,2064	0,5760
7,2161	0,5679
7,2256	0,5599
7,2348	0,5518
7,2436	0,5437
7,2520	0,5355
7,2599	0,5274
7,2673	0,5193
7,2743	0,5112
7,2806	0,5031
7,2865	0,4951
7,2918	0,4871
7,2965	0,4792
7,3006	0,4713
7,3042	0,4635
7,3072	0,4559
7,3097	0,4483
7,3118	0,4409
7,3133	0,4336
7,3144	0,4264
7,3152	0,4194
7,3156	0,4126
7,3157	0,4060
7,3157	0,3996
7,3154	0,3934
7,3150	0,3874
7,3147	0,3816
7,3143	0,3761
7,3140	0,3708
7,3139	0,3657
7,3140	0,3610
7,3144	0,3565
7,3152	0,3522
7,3163	0,3483
7,3178	0,3446
7,3199	0,3412
7,3224	0,3381
7,3256	0,3353
7,3293	0,3328
7,3337	0,3305
7,3386	0,3285
7,3442	0,3268
7,3505	0,3254
7,3574	0,3243
7,3650	0,3234
7,3732	0,3228
7,3820	0,3224
7,3915	0,3223
7,4015	0,3224
7,4120	0,3228
7,4231	0,3234
7,4347	0,3243
7,4467	0,3254
7,4591	0,3267
7,4718	0,3282
7,4849	0,3299
7,4982	0,3318
7,5118	0,3340
7,5255	0,3363
7,5394	0,3388
7,5533	0,3415
7,5672	0,3444
7,5811	0,3475
7,5949	0,3507
7,6086	0,3541
7,6221	0,3577
7,6354	0,3615
7,6484	0,3654
7,6611	0,3695
7,6735	0,3737
7,6855	0,3781
7,6972	0,3827
7,7084	0,3874
7,7191	0,3923
7,7294	0,3973
7,7392	0,4024
7,7486	0,4077
7,7574	0,4131
7,7658	0,4187
7,7737	0,4244
7,7811	0,4302
7,7880	0,4362
7,7945	0,4423
7,8005	0,4485
7,8061	0,4549
7,8113	0,4613
7,8162	0,4679
7,8206	0,4746
7,8248	0,4814
7,8286	0,4883
7,8322	0,4953
7,8355	0,5024
7,8386	0,5096
7,8415	0,5169
7,8443	0,5243
7,8469	0,5317
7,8493	0,5392
7,8517	0,5468
7,8540	0,5545
7,8562	0,5622
7,8584	0,5699
7,8606	0,5777
7,8628	0,5855
7,8650	0,5934
7,8673	0,6013
7,8696	0,6092
7,8720	0,6170
7,8745	0,6249
7,8771	0,6327
7,8798	0,6406
7,8827	0,6483
7,8857	0,6560
7,8890	0,6637
7,8924	0,6712
7,8961	0,6786
7,9000	0,6860
7,9041	0,6932
7,9086	0,7002
7,9133	0,7071
7,9184	0,7138
7,9239	0,7203
7,9297	0,7266
7,9359	0,7326
7,9425	0,7385
7,9495	0,7440
7,9569	0,7493
7,9648	0,7542
7,9731	0,7589
7,9818	0,7632
7,9910	0,7673
8,0007	0,7709
8,0107	0,7742
8,0212	0,7772
8,0320	0,7797
8,0433	0,7819
8,0549	0,7838
8,0668	0,7852
8,0789	0,7862
8,0913	0,7869
8,1039	0,7871
8,1167	0,7870
8,1295	0,7865
8,1423	0,7857
8,1551	0,7844
8,1678	0,7829
8,1804	0,7809
8,1928	0,7787
8,2048	0,7761
8,2166	0,7733
8,2279	0,7701
8,2388	0,7667
8,2492	0,7630
8,2590	0,7591
8,2683	0,7550
8,2769	0,7507
8,2848	0,7462
8,2921	0,7416
8,2986	0,7368
8,3044	0,7320
8,3094	0,7270
8,3137	0,7219
8,3173	0,7167
8,3202	0,7115
8,3224	0,7063
8,3239	0,7010
8,3248	0,6957
8,3251	0,6903
8,3248	0,6850
8,3241	0,6796
8,3230	0,6743
8,3216	0,6689
8,3198	0,6635
8,3179	0,6582
8,3158	0,6528
8,3137	0,6474
8,3116	0,6419
8,3096	0,6365
8,3078	0,6310
8,3062	0,6255
8,3050	0,6199
8,3041	0,6142
8,3038	0,6085
8,3039	0,6026
8,3046	0,5967
8,3060	0,5907
8,3080	0,5846
8,3107	0,5783
8,3142	0,5720
8,3185	0,5654
8,3236	0,5588
8,3294	0,5520
8,3360	0,5451
8,3435	0,5381
8,3517	0,5309
8,3607	0,5236
8,3704	0,5162
8,3808	0,5086
8,3918	0,5010
8,4035	0,4933
8,4156	0,4855
8,4283	0,4776
8,4413	0,4697
8,4547	0,4617
8,4683	0,4538
8,4820	0,4458
8,4959	0,4379
8,5098	0,4301
8,5236	0,4224
8,5372	0,4147
8,5506	0,4072
8,5636	0,3998
8,5763	0,3926
8,5885	0,3857
8,6002	0,3789
8,6113	0,3724
8,6217	0,3662
8,6315	0,3603
8,6406	0,3547
8,6490	0,3494
8,6566	0,3445
8,6635	0,3399
8,6696	0,3357
8,6750	0,3319
8,6797	0,3284
8,6837	0,3254
8,6871	0,3227
8,6899	0,3205
8,6921	0,3186
8,6938	0,3172
8,6951	0,3161
8,6961	0,3153
8,6967	0,3150
8,6970	0,3150
8,6972	0,3153
8,6973	0,3159
8,6974	0,3168
8,6975	0,3180
8,6977	0,3195
8,6980	0,3212
8,6986	0,3231
8,6994	0,3252
8,7006	0,3275
8,7021	0,3300
8,7040	0,3326
8,7063	0,3354
8,7092	0,3383
8,7125	0,3413
8,7162	0,3445
8,7206	0,3477
8,7254	0,3510
8,7307	0,3544
8,7365	0,3578
8,7428	0,3614
8,7496	0,3650
8,7568	0,3687
8,7644	0,3725
8,7724	0,3765
8,7808	0,3805
8,7895	0,3846
8,7984	0,3888
8,8076	0,3932
8,8170	0,3977
8,8265	0,4023
8,8361	0,4071
8,8458	0,4121
8,8555	0,4172
8,8652	0,4226
8,8747	0,4281
8,8842	0,4338
8,8936	0,4397
8,9028	0,4457
8,9117	0,4520
8,9205	0,4585
8,9290	0,4652
8,9372	0,4721
8,9452	0,4792
8,9529	0,4864
8,9603	0,4938
8,9674	0,5014
8,9742	0,5091
8,9807	0,5170
8,9869	0,5250
8,9929	0,5331
8,9987	0,5412
9,0042	0,5495
9,0096	0,5578
9,0148	0,5661
9,0198	0,5744
9,0247	0,5827
9,0296	0,5911
9,0344	0,5993
9,0392	0,6075
9,0440	0,6156
9,0489	0,6237
9,0539	0,6316
9,0590	0,6393
9,0643	0,6470
9,0697	0,6544
9,0754	0,6617
9,0813	0,6688
9,0875	0,6757
9,0939	0,6824
9,1007	0,6889
9,1078	0,6951
9,1152	0,7011
9,1229	0,7069
9,1310	0,7124
9,1393	0,7176
9,1480	0,7226
9,1570	0,7274
9,1663	0,7318
9,1758	0,7360
9,1856	0,7399
9,1956	0,7436
9,2057	0,7470
9,2160	0,7501
9,2263	0,7529
9,2367	0,7555
9,2471	0,7579
9,2575	0,7599
9,2677	0,7617
9,2779	0,7633
9,2878	0,7646
9,2975	0,7657
9,3069	0,7665
9,3160	0,7671
9,3247	0,7675
9,3331	0,7676
9,3410	0,7676
9,3485	0,7673
9,3555	0,7668
9,3620	0,7662
9,3681	0,7653
9,3736	0,7642
9,3787	0,7630
9,3834	0,7616
9,3876	0,7600
9,3914	0,7583
9,3948	0,7564
9,3978	0,7544
9,4005	0,7522
9,4030	0,7498
9,4053	0,7473
9,4074	0,7447
9,4093	0,7419
9,4113	0,7389
9,4132	0,7358
9,4152	0,7326
9,4172	0,7292
9,4195	0,7257
9,4219	0,7220
9,4245	0,7181
9,4274	0,7141
9,4307	0,7100
9,4342	0,7057
9,4381	0,7012
9,4423	0,6965
9,4469	0,6917
9,4519	0,6867
9,4572	0,6816
9,4629	0,6762
9,4688	0,6707
9,4751	0,6651
9,4816	0,6592
9,4883	0,6532
9,4953	0,6470
9,5024	0,6407
9,5096	0,6342
9,5169	0,6275
9,5242	0,6207
9,5315	0,6138
9,5388	0,6067
9,5460	0,5995
9,5531	0,5922
9,5601	0,5848
9,5669	0,5774
9,5736	0,5698
9,5801	0,5622
9,5864	0,5545
9,5926	0,5469
9,5985	0,5391
9,6043	0,5314
9,6100	0,5238
9,6156	0,5161
9,6210	0,5085
9,6264	0,5009
9,6318	0,4935
9,6371	0,4861
9,6425	0,4788
9,6480	0,4716
9,6536	0,4646
9,6593	0,4577
9,6652	0,4509
9,6713	0,4443
9,6776	0,4379
9,6841	0,4317
9,6909	0,4256
9,6980	0,4198
9,7053	0,4141
9,7128	0,4086
9,7206	0,4033
9,7286	0,3982
9,7367	0,3933
9,7451	0,3886
9,7535	0,3841
9,7620	0,3798
9,7705	0,3757
9,7790	0,3718
9,7875	0,3680
9,7958	0,3645
9,8039	0,3611
9,8118	0,3579
9,8194	0,3548
9,8267	0,3520
9,8336	0,3493
9,8401	0,3467
9,8461	0,3443
9,8517	0,3421
9,8567	0,3400
9,8613	0,3381
9,8654	0,3364
9,8690	0,3348
9,8721	0,3334
9,8748	0,3322
9,8770	0,3312
9,8789	0,3303
9,8805	0,3296
9,8818	0,3292
9,8829	0,3289
9,8838	0,3288
9,8848	0,3290
9,8857	0,3293
9,8867	0,3299
9,8879	0,3308
9,8894	0,3319
9,8911	0,3332
9,8933	0,3348
9,8959	0,3366
9,8990	0,3387
9,9026	0,3411
9,9069	0,3437
9,9119	0,3466
9,9175	0,3497
9,9237	0,3531
9,9307	0,3568
9,9384	0,3607
9,9468	0,3648
9,9559	0,3692
9,9656	0,3739
9,9759	0,3787
9,9867	0,3838
9,9981	0,3890
10,0099	0,3945
10,0220	0,4001
10,0345	0,4059
10,0472	0,4118
10,0601	0,4179
10,0731	0,4241
10,0860	0,4304
10,0989	0,4368
10,1116	0,4433
10,1241	0,4498
10,1363	0,4564
10,1482	0,4631
10,1597	0,4697
10,1708	0,4764
10,1813	0,4831
10,1914	0,4898
10,2010	0,4966
10,2101	0,5032
10,2187	0,5099
10,2267	0,5166
10,2343	0,5232
10,2415	0,5298
10,2482	0,5363
10,2546	0,5429
10,2606	0,5493
10,2665	0,5558
10,2721	0,5621
10,2775	0,5685
10,2829	0,5748
10,2883	0,5810
10,2937	0,5872
10,2992	0,5933
10,3049	0,5993
10,3108	0,6053
10,3169	0,6112
10,3232	0,6171
10,3299	0,6229
10,3369	0,6286
10,3443	0,6342
10,3520	0,6397
10,3600	0,6452
10,3684	0,6505
10,3771	0,6558
10,3861	0,6609
10,3953	0,6660
10,4048	0,6709
10,4145	0,6757
10,4244	0,6803
10,4343	0,6849
10,4443	0,6893
10,4542	0,6935
10,4641	0,6976
10,4739	0,7015
10,4835	0,7053
10,4928	0,7090
10,5019	0,7124
10,5106	0,7158
10,5190	0,7189
10,5269	0,7219
10,5344	0,7247
10,5413	0,7274
10,5478	0,7299
10,5537	0,7322
10,5591	0,7344
10,5640	0,7365
10,5683	0,7384
10,5720	0,7401
10,5753	0,7417
10,5780	0,7431
10,5803	0,7444
10,5821	0,7456
10,5835	0,7466
10,5846	0,7475
10,5853	0,7483
10,5858	0,7488
10,5860	0,7493
10,5860	0,7496
10,5860	0,7497
10,5858	0,7497
10,5856	0,7496
10,5854	0,7492
10,5854	0,7487
10,5854	0,7480
10,5856	0,7471
10,5861	0,7460
10,5868	0,7448
10,5878	0,7433
10,5891	0,7416
10,5909	0,7397
10,5930	0,7375
10,5956	0,7351
10,5987	0,7325
10,6022	0,7297
10,6063	0,7266
10,6109	0,7232
10,6160	0,7196
10,6217	0,7157
10,6279	0,7116
10,6347	0,7072
10,6420	0,7025
10,6498	0,6976
10,6581	0,6925
10,6669	0,6871
10,6762	0,6814
10,6859	0,6755
10,6961	0,6694
10,7066	0,6630
10,7174	0,6565
10,7286	0,6497
10,7400	0,6428
10,7516	0,6356
10,7634	0,6283
10,7754	0,6209
10,7874	0,6133
10,7995	0,6056
10,8115	0,5978
10,8235	0,5900
10,8354	0,5820
10,8471	0,5741
10,8586	0,5661
10,8700	0,5581
10,8810	0,5501
10,8918	0,5422
10,9022	0,5343
10,9124	0,5265
10,9221	0,5188
10,9315	0,5113
10,9405	0,5038
10,9490	0,4965
10,9572	0,4894
10,9650	0,4824
10,9724	0,4756
10,9793	0,4690
10,9859	0,4625
10,9921	0,4563
10,9980	0,4503
11,0035	0,4445
11,0087	0,4389
11,0135	0,4334
11,0182	0,4282
11,0225	0,4232
11,0267	0,4183
11,0306	0,4136
11,0344	0,4091
11,0380	0,4048
11,0415	0,4006
11,0450	0,3965
11,0483	0,3926
11,0516	0,3887
11,0549	0,3850
11,0582	0,3814
11,0614	0,3779
11,0647	0,3745
11,0681	0,3712
11,0714	0,3680
11,0748	0,3648
11,0783	0,3617
11,0818	0,3588
11,0853	0,3559
11,0889	0,3531
11,0926	0,3504
11,0963	0,3478
11,1000	0,3453
11,1038	0,3430
11,1076	0,3408
11,1115	0,3388
11,1154	0,3369
11,1193	0,3353
11,1233	0,3338
11,1274	0,3326
11,1315	0,3316
11,1357	0,3309
11,1400	0,3304
11,1444	0,3302
11,1489	0,3303
11,1535	0,3307
11,1583	0,3315
11,1633	0,3325
11,1685	0,3339
11,1739	0,3356
11,1795	0,3376
11,1854	0,3399
11,1915	0,3426
11,1980	0,3456
11,2047	0,3489
11,2118	0,3526
11,2191	0,3565
11,2268	0,3606
11,2349	0,3651
11,2432	0,3698
11,2518	0,3746
11,2608	0,3797
11,2700	0,3850
11,2794	0,3905
11,2891	0,3960
11,2990	0,4017
11,3090	0,4075
11,3191	0,4133
11,3292	0,4192
11,3394	0,4251
11,3496	0,4310
11,3597	0,4369
11,3697	0,4428
11,3795	0,4486
11,3891	0,4544
11,3984	0,4602
11,4075	0,4658
11,4162	0,4714
11,4246	0,4770
11,4326	0,4824
11,4402	0,4878
11,4475	0,4930
11,4542	0,4983
11,4606	0,5034
11,4666	0,5084
11,4722	0,5134
11,4774	0,5184
11,4822	0,5233
11,4867	0,5281
11,4909	0,5330
11,4949	0,5378
11,4986	0,5425
11,5022	0,5473
11,5057	0,5521
11,5091	0,5568
11,5125	0,5616
11,5159	0,5664
11,5194	0,5712
11,5231	0,5761
11,5269	0,5810
11,5309	0,5859
11,5352	0,5908
11,5398	0,5957
11,5446	0,6007
11,5498	0,6057
11,5553	0,6107
11,5612	0,6158
11,5674	0,6208
11,5739	0,6259
11,5807	0,6309
11,5878	0,6360
11,5951	0,6410
11,6026	0,6460
11,6104	0,6510
11,6183	0,6560
11,6262	0,6609
11,6343	0,6657
11,6423	0,6705
11,6503	0,6752
11,6582	0,6799
11,6660	0,6844
11,6736	0,6889
11,6811	0,6933
11,6883	0,6975
11,6953	0,7017
11,7021	0,7057
11,7085	0,7096
11,7147	0,7134
11,7206	0,7170
11,7261	0,7205
11,7315	0,7238
11,7365	0,7270
11,7413	0,7300
11,7459	0,7329
11,7503	0,7355
11,7545	0,7380
11,7585	0,7403
11,7625	0,7424
11,7664	0,7443
11,7703	0,7460
11,7742	0,7475
11,7781	0,7488
11,7821	0,7498
11,7863	0,7507
11,7906	0,7513
11,7952	0,7517
11,7999	0,7519
11,8050	0,7518
11,8103	0,7515
11,8159	0,7510
11,8219	0,7502
11,8283	0,7492
11,8349	0,7479
11,8420	0,7464
11,8494	0,7447
11,8572	0,7427
11,8653	0,7405
11,8737	0,7380
11,8825	0,7353
11,8915	0,7324
11,9008	0,7292
11,9103	0,7258
11,9200	0,7222
11,9298	0,7184
11,9398	0,7144
11,9497	0,7102
11,9597	0,7058
11,9697	0,7012
11,9795	0,6964
11,9893	0,6915
11,9989	0,6864
12,0083	0,6812
12,0174	0,6758
12,0263	0,6704
12,0349	0,6648
12,0432	0,6591
12,0511	0,6533
12,0586	0,6474
12,0658	0,6414
12,0726	0,6354
12,0791	0,6293
12,0851	0,6231
12,0908	0,6169
12,0961	0,6107
12,1011	0,6044
12,1057	0,5981
12,1101	0,5917
12,1141	0,5854
12,1180	0,5790
12,1215	0,5726
12,1250	0,5663
12,1282	0,5599
12,1314	0,5535
12,1344	0,5472
12,1375	0,5408
12,1406	0,5345
12,1437	0,5282
12,1469	0,5219
12,1502	0,5157
12,1537	0,5095
12,1574	0,5033
12,1613	0,4972
12,1655	0,4911
12,1700	0,4851
12,1748	0,4791
12,1799	0,4732
12,1853	0,4674
12,1910	0,4616
12,1971	0,4559
12,2035	0,4503
12,2102	0,4447
12,2173	0,4393
12,2246	0,4339
12,2321	0,4286
12,2398	0,4234
12,2478	0,4183
12,2558	0,4133
12,2640	0,4085
12,2722	0,4037
12,2805	0,3990
12,2887	0,3945
12,2968	0,3901
12,3049	0,3858
12,3127	0,3816
12,3204	0,3776
12,3278	0,3737
12,3349	0,3699
12,3417	0,3663
12,3482	0,3628
12,3544	0,3595
12,3601	0,3563
12,3655	0,3532
12,3705	0,3503
12,3752	0,3476
12,3794	0,3450
12,3833	0,3426
12,3869	0,3403
12,3902	0,3382
12,3931	0,3363
12,3959	0,3345
12,3984	0,3329
12,4007	0,3316
12,4029	0,3304
12,4051	0,3294
12,4072	0,3286
12,4094	0,3280
12,4116	0,3276
12,4139	0,3275
12,4165	0,3275
12,4192	0,3278
12,4222	0,3284
12,4255	0,3291
12,4291	0,3301
12,4331	0,3314
12,4375	0,3329
12,4422	0,3346
12,4474	0,3365
12,4529	0,3388
12,4589	0,3412
12,4652	0,3439
12,4719	0,3468
12,4789	0,3499
12,4862	0,3533
12,4938	0,3569
12,5017	0,3606
12,5097	0,3646
12,5179	0,3687
12,5261	0,3731
12,5344	0,3776
12,5427	0,3822
12,5509	0,3870
12,5590	0,3919
12,5670	0,3970
12,5747	0,4021
12,5822	0,4074
12,5894	0,4128
12,5963	0,4182
12,6029	0,4237
12,6092	0,4293
12,6150	0,4349
12,6206	0,4406
12,6257	0,4463
12,6306	0,4520
12,6351	0,4578
12,6393	0,4636
12,6433	0,4694
12,6471	0,4752
12,6506	0,4810
12,6541	0,4868
12,6575	0,4927
12,6608	0,4985
12,6642	0,5043
12,6677	0,5102
12,6713	0,5160
12,6751	0,5218
12,6792	0,5276
12,6836	0,5334
12,6882	0,5392
12,6933	0,5449
12,6987	0,5507
12,7046	0,5564
12,7108	0,5621
12,7175	0,5678
12,7247	0,5735
12,7322	0,5791
12,7402	0,5847
12,7486	0,5903
12,7573	0,5958
12,7664	0,6013
12,7757	0,6068
12,7852	0,6122
12,7950	0,6176
12,8048	0,6229
12,8148	0,6282
12,8247	0,6334
12,8346	0,6385
12,8444	0,6436
12,8541	0,6486
12,8635	0,6535
12,8727	0,6584
12,8816	0,6632
12,8902	0,6678
12,8984	0,6724
12,9062	0,6769
12,9136	0,6813
12,9206	0,6856
12,9272	0,6898
12,9334	0,6938
12,9392	0,6978
12,9447	0,7016
12,9498	0,7053
12,9546	0,7089
12,9592	0,7123
12,9635	0,7156
12,9676	0,7188
12,9716	0,7218
12,9756	0,7246
12,9794	0,7273
12,9833	0,7298
12,9872	0,7322
12,9912	0,7344
12,9953	0,7365
12,9996	0,7384
13,0040	0,7401
13,0085	0,7417
13,0133	0,7430
13,0183	0,7442
13,0235	0,7452
13,0288	0,7461
13,0344	0,7468
13,0402	0,7472
13,0461	0,7476
13,0522	0,7477
13,0584	0,7476
13,0647	0,7474
13,0711	0,7470
13,0776	0,7464
13,0841	0,7456
13,0907	0,7446
13,0973	0,7434
13,1038	0,7421
13,1104	0,7405
13,1169	0,7388
13,1234	0,7369
13,1298	0,7348
13,1362	0,7324
13,1425	0,7299
13,1488	0,7272
13,1549	0,7243
13,1610	0,7213
13,1671	0,7180
13,1731	0,7145
13,1790	0,7109
13,1848	0,7070
13,1906	0,7030
13,1963	0,6988
13,2020	0,6944
13,2075	0,6899
13,2131	0,6852
13,2185	0,6804
13,2239	0,6754
13,2292	0,6702
13,2345	0,6650
13,2396	0,6596
13,2447	0,6541
13,2497	0,6485
13,2546	0,6428
13,2594	0,6370
13,2641	0,6311
13,2687	0,6252
13,2732	0,6192
13,2775	0,6132
13,2818	0,6071
13,2860	0,6010
13,2900	0,5949
13,2940	0,5888
13,2978	0,5827
13,3016	0,5766
13,3052	0,5705
13,3088	0,5644
13,3124	0,5584
13,3159	0,5524
13,3193	0,5465
13,3228	0,5406
13,3263	0,5348
13,3298	0,5290
13,3334	0,5233
13,3372	0,5177
13,3410	0,5121
13,3450	0,5067
13,3492	0,5012
13,3537	0,4959
13,3584	0,4906
13,3633	0,4855
13,3686	0,4803
13,3742	0,4753
13,3801	0,4703
13,3864	0,4654
13,3930	0,4605
13,4000	0,4557
13,4074	0,4509
13,4151	0,4461
13,4232	0,4414
13,4316	0,4368
13,4403	0,4322
13,4493	0,4276
13,4586	0,4230
13,4681	0,4184
13,4777	0,4139
13,4875	0,4094
13,4974	0,4049
13,5073	0,4004
13,5172	0,3960
13,5270	0,3916
13,5368	0,3872
13,5464	0,3829
13,5558	0,3786
13,5649	0,3744
13,5738	0,3702
13,5823	0,3662
13,5905	0,3621
13,5983	0,3582
13,6056	0,3544
13,6126	0,3507
13,6191	0,3471
13,6251	0,3436
13,6307	0,3403
13,6358	0,3372
13,6404	0,3342
13,6446	0,3314
13,6484	0,3288
13,6518	0,3265
13,6548	0,3243
13,6575	0,3224
13,6600	0,3207
13,6622	0,3193
13,6642	0,3181
13,6660	0,3172
13,6678	0,3166
13,6696	0,3163
13,6714	0,3162
13,6733	0,3165
13,6754	0,3170
13,6776	0,3178
13,6802	0,3189
13,6830	0,3203
13,6861	0,3220
13,6897	0,3239
13,6937	0,3261
13,6981	0,3286
13,7030	0,3313
13,7083	0,3342
13,7142	0,3373
13,7206	0,3407
13,7274	0,3443
13,7348	0,3480
13,7426	0,3519
13,7509	0,3560
13,7596	0,3602
13,7687	0,3645
13,7781	0,3689
13,7878	0,3734
13,7979	0,3780
13,8081	0,3827
13,8185	0,3875
13,8289	0,3923
13,8395	0,3971
13,8500	0,4020
13,8605	0,4069
13,8709	0,4119
13,8810	0,4169
13,8910	0,4219
13,9007	0,4270
13,9101	0,4321
13,9191	0,4372
13,9277	0,4423
13,9358	0,4475
13,9435	0,4528
13,9507	0,4581
13,9574	0,4634
13,9636	0,4688
13,9693	0,4743
13,9744	0,4798
13,9790	0,4854
13,9832	0,4910
13,9868	0,4968
13,9900	0,5026
13,9928	0,5084
13,9952	0,5144
13,9972	0,5204
13,9989	0,5265
14,0004	0,5327
14,0017	0,5390
14,0028	0,5453
14,0039	0,5516
14,0050	0,5581
14,0061	0,5645
14,0073	0,5710
14,0086	0,5776
14,0102	0,5841
14,0121	0,5907
14,0144	0,5973
14,0170	0,6038
14,0200	0,6104
14,0236	0,6169
14,0277	0,6233
14,0323	0,6297
14,0375	0,6360
14,0433	0,6423
14,0496	0,6484
14,0566	0,6544
14,0642	0,6603
14,0723	0,6661
14,0809	0,6717
14,0900	0,6772
14,0996	0,6825
14,1096	0,6876
14,1200	0,6926
14,1306	0,6974
14,1415	0,7019
14,1525	0,7063
14,1635	0,7105
14,1746	0,7144
14,1856	0,7182
14,1964	0,7217
14,2070	0,7251
14,2173	0,7282
14,2273	0,7311
14,2368	0,7338
14,2459	0,7364
14,2544	0,7387
14,2624	0,7408
14,2698	0,7428
14,2766	0,7446
14,2828	0,7462
14,2883	0,7477
14,2933	0,7490
14,2977	0,7502
14,3015	0,7512
14,3048	0,7521
14,3076	0,7528
14,3100	0,7535
14,3120	0,7540
14,3138	0,7543
14,3153	0,7546
14,3166	0,7547
14,3178	0,7547
14,3190	0,7546
14,3202	0,7543
14,3216	0,7539
14,3231	0,7534
14,3249	0,7528
14,3270	0,7520
14,3294	0,7511
14,3322	0,7501
14,3355	0,7489
14,3392	0,7475
14,3434	0,7460
14,3482	0,7443
14,3534	0,7425
14,3592	0,7405
14,3655	0,7384
14,3722	0,7361
14,3795	0,7336
14,3872	0,7309
14,3954	0,7281
14,4039	0,7251
14,4128	0,7219
14,4220	0,7186
14,4314	0,7151
14,4411	0,7114
14,4509	0,7075
14,4608	0,7035
14,4708	0,6994
14,4809	0,6950
14,4909	0,6905
14,5008	0,6859
14,5107	0,6812
14,5203	0,6762
14,5298	0,6712
14,5390	0,6660
14,5480	0,6607
14,5567	0,6553
14,5651	0,6498
14,5732	0,6442
14,5809	0,6385
14,5882	0,6326
14,5952	0,6267
14,6018	0,6208
14,6081	0,6147
14,6140	0,6086
14,6196	0,6025
14,6248	0,5963
14,6298	0,5901
14,6345	0,5838
14,6390	0,5775
14,6432	0,5713
14,6473	0,5650
14,6512	0,5587
14,6551	0,5524
14,6588	0,5462
14,6626	0,5400
14,6664	0,5338
14,6702	0,5276
14,6742	0,5215
14,6782	0,5155
14,6824	0,5095
14,6868	0,5035
14,6914	0,4976
14,6962	0,4918
14,7013	0,4861
14,7066	0,4804
14,7122	0,4747
14,7180	0,4692
14,7241	0,4637
14,7304	0,4583
14,7370	0,4530
14,7438	0,4477
14,7508	0,4426
14,7580	0,4375
14,7653	0,4325
14,7728	0,4276
14,7804	0,4228
14,7881	0,4180
14,7959	0,4134
14,8037	0,4088
14,8115	0,4044
14,8193	0,4000
14,8270	0,3957
14,8347	0,3915
14,8424	0,3875
14,8499	0,3835
14,8573	0,3796
14,8646	0,3759
14,8718	0,3722
14,8788	0,3687
14,8856	0,3652
14,8923	0,3619
14,8989	0,3587
14,9053	0,3557
14,9116	0,3527
14,9177	0,3499
14,9237	0,3473
14,9295	0,3447
14,9352	0,3424
14,9409	0,3402
14,9464	0,3381
14,9519	0,3362
14,9573	0,3345
14,9626	0,3330
14,9680	0,3316
14,9733	0,3304
14,9787	0,3294
14,9841	0,3286
14,9896	0,3280
14,9951	0,3276
15,0008	0,3274
15,0066	0,3274
15,0125	0,3276
15,0185	0,3280
15,0248	0,3286
15,0311	0,3294
15,0377	0,3304
15,0445	0,3316
15,0514	0,3329
15,0586	0,3345
15,0659	0,3362
15,0734	0,3381
15,0811	0,3402
15,0890	0,3424
15,0970	0,3448
15,1051	0,3473
15,1133	0,3500
15,1216	0,3528
15,1299	0,3558
15,1383	0,3589
15,1466	0,3621
15,1549	0,3654
15,1632	0,3688
15,1712	0,3724
15,1792	0,3760
15,1869	0,3797
15,1945	0,3836
15,2017	0,3875
15,2087	0,3916
15,2153	0,3957
15,2215	0,3999
15,2274	0,4042
15,2329	0,4086
15,2379	0,4130
15,2425	0,4176
15,2467	0,4222
15,2504	0,4269
15,2537	0,4318
15,2566	0,4366
15,2590	0,4416
15,2611	0,4466
15,2629	0,4518
15,2643	0,4570
15,2655	0,4622
15,2664	0,4676
15,2673	0,4730
15,2680	0,4785
15,2687	0,4840
15,2695	0,4896
15,2703	0,4952
15,2714	0,5009
15,2727	0,5066
15,2744	0,5124
15,2764	0,5182
15,2789	0,5239
15,2819	0,5297
15,2854	0,5355
15,2896	0,5413
15,2944	0,5471
15,2999	0,5529
15,3061	0,5586
15,3129	0,5642
15,3205	0,5699
15,3287	0,5754
15,3377	0,5810
15,3472	0,5864
15,3573	0,5918
15,3679	0,5971
15,3790	0,6023
15,3905	0,6074
15,4022	0,6124
15,4142	0,6174
15,4263	0,6222
15,4385	0,6270
15,4505	0,6317
15,4625	0,6363
15,4741	0,6408
15,4854	0,6452
15,4963	0,6496
15,5067	0,6538
15,5165	0,6580
15,5256	0,6621
15,5340	0,6661
15,5417	0,6701
15,5485	0,6740
15,5546	0,6778
15,5598	0,6815
15,5642	0,6851
15,5678	0,6887
15,5706	0,6922
15,5726	0,6956
15,5739	0,6989
15,5746	0,7022
15,5746	0,7053
15,5742	0,7083
15,5733	0,7113
15,5721	0,7141
15,5706	0,7168
15,5690	0,7194
15,5672	0,7219
15,5656	0,7242
15,5640	0,7264
15,5627	0,7285
15,5617	0,7304
15,5610	0,7322
15,5609	0,7338
15,5613	0,7352
15,5623	0,7365
15,5640	0,7376
15,5665	0,7386
15,5697	0,7393
15,5736	0,7399
15,5785	0,7403
15,5841	0,7406
15,5906	0,7406
15,5979	0,7405
15,6059	0,7402
15,6148	0,7397
15,6243	0,7390
15,6346	0,7382
15,6455	0,7372
15,6569	0,7360
15,6688	0,7347
15,6812	0,7331
15,6939	0,7314
15,7069	0,7296
15,7200	0,7276
15,7332	0,7255
15,7465	0,7232
15,7597	0,7208
15,7727	0,7182
15,7855	0,7156
15,7979	0,7128
15,8100	0,7099
15,8217	0,7069
15,8328	0,7038
15,8433	0,7006
15,8533	0,6973
15,8626	0,6940
15,8713	0,6906
15,8792	0,6871
15,8865	0,6836
15,8930	0,6800
15,8989	0,6764
15,9041	0,6727
15,9087	0,6690
15,9127	0,6652
15,9162	0,6614
15,9191	0,6576
15,9216	0,6537
15,9237	0,6498
15,9255	0,6458
15,9271	0,6418
15,9285	0,6377
15,9298	0,6336
15,9311	0,6294
15,9324	0,6251
15,9338	0,6207
