-0,5789	0,4530
-0,5675	0,4480
-0,5555	0,4431
-0,5430	0,4383
-0,5298	0,4335
-0,5162	0,4288
-0,5019	0,4242
-0,4871	0,4198
-0,4718	0,4154
-0,4561	0,4112
-0,4399	0,4071
-0,4233	0,4032
-0,4063	0,3995
-0,3890	0,3959
-0,3715	0,3926
-0,3538	0,3895
-0,3360	0,3866
-0,3180	0,3839
-0,3001	0,3816
-0,2823	0,3794
-0,2646	0,3776
-0,2471	0,3760
-0,2298	0,3748
-0,2130	0,3739
-0,1965	0,3732
-0,1804	0,3729
-0,1649	0,3729
-0,1500	0,3733
-0,1357	0,3740
-0,1220	0,3750
-0,1091	0,3763
-0,0969	0,3779
-0,0855	0,3799
-0,0749	0,3822
-0,0651	0,3847
-0,0561	0,3876
-0,0480	0,3907
-0,0406	0,3941
-0,0340	0,3977
-0,0283	0,4016
-0,0233	0,4057
-0,0190	0,4100
-0,0154	0,4145
-0,0125	0,4191
-0,0101	0,4239
-0,0084	0,4288
-0,0071	0,4338
-0,0063	0,4389
-0,0059	0,4441
-0,0058	0,4494
-0,0059	0,4547
-0,0063	0,4600
-0,0069	0,4654
-0,0075	0,4707
-0,0081	0,4761
-0,0088	0,4814
-0,0094	0,4867
-0,0099	0,4919
-0,0103	0,4972
-0,0105	0,5023
-0,0104	0,5075
-0,0102	0,5125
-0,0097	0,5175
-0,0089	0,5225
-0,0078	0,5274
-0,0065	0,5322
-0,0048	0,5369
-0,0029	0,5416
-0,0006	0,5463
0,0019	0,5508
0,0048	0,5553
0,0080	0,5598
0,0115	0,5642
0,0153	0,5685
0,0194	0,5727
0,0239	0,5769
0,0287	0,5810
0,0338	0,5850
0,0393	0,5890
0,0452	0,5929
0,0514	0,5967
0,0581	0,6004
0,0652	0,6040
0,0728	0,6074
0,0809	0,6108
0,0894	0,6141
0,0985	0,6172
0,1081	0,6203
0,1183	0,6231
0,1291	0,6259
0,1404	0,6285
0,1524	0,6309
0,1649	0,6331
0,1780	0,6352
0,1918	0,6371
0,2061	0,6388
0,2210	0,6403
0,2364	0,6416
0,2523	0,6427
0,2687	0,6436
0,2856	0,6442
0,3028	0,6447
0,3204	0,6449
0,3383	0,6449
0,3564	0,6446
0,3746	0,6441
0,3930	0,6434
0,4114	0,6424
0,4298	0,6412
0,4480	0,6397
0,4661	0,6380
0,4839	0,6361
0,5014	0,6339
0,5186	0,6315
0,5353	0,6289
0,5514	0,6260
0,5671	0,6230
0,5820	0,6197
0,5964	0,6163
0,6100	0,6126
0,6228	0,6088
0,6349	0,6048
0,6461	0,6006
0,6565	0,5963
0,6661	0,5919
0,6748	0,5873
0,6826	0,5827
0,6896	0,5779
0,6957	0,5731
0,7010	0,5683
0,7055	0,5633
0,7092	0,5584
0,7122	0,5534
0,7144	0,5484
0,7160	0,5434
0,7169	0,5384
0,7172	0,5335
0,7170	0,5286
0,7164	0,5237
0,7153	0,5188
0,7139	0,5141
0,7121	0,5093
0,7101	0,5047
0,7080	0,5001
0,7057	0,4955
0,7034	0,4911
0,7012	0,4867
0,6990	0,4823
0,6969	0,4781
0,6951	0,4739
0,6936	0,4697
0,6923	0,4657
0,6915	0,4617
0,6912	0,4577
0,6913	0,4538
0,6920	0,4500
0,6933	0,4462
0,6953	0,4425
0,6979	0,4389
0,7013	0,4353
0,7054	0,4318
0,7103	0,4283
0,7159	0,4250
0,7223	0,4217
0,7295	0,4185
0,7375	0,4154
0,7462	0,4125
0,7556	0,4096
0,7657	0,4069
0,7765	0,4043
0,7878	0,4019
0,7997	0,3996
0,8121	0,3976
0,8248	0,3957
0,8379	0,3940
0,8512	0,3925
0,8647	0,3912
0,8782	0,3902
0,8917	0,3895
0,9051	0,3889
0,9183	0,3887
0,9311	0,3887
0,9436	0,3890
0,9557	0,3895
0,9672	0,3904
0,9781	0,3915
0,9884	0,3929
0,9979	0,3946
1,0067	0,3966
1,0148	0,3988
1,0221	0,4014
1,0285	0,4042
1,0342	0,4072
1,0392	0,4105
1,0434	0,4141
1,0469	0,4178
1,0498	0,4218
1,0521	0,4261
1,0539	0,4305
1,0553	0,4350
1,0564	0,4398
1,0572	0,4447
1,0578	0,4498
1,0584	0,4550
1,0589	0,4602
1,0596	0,4656
1,0606	0,4711
1,0617	0,4767
1,0633	0,4823
1,0653	0,4879
1,0677	0,4936
1,0708	0,4993
1,0744	0,5050
1,0786	0,5107
1,0834	0,5164
1,0890	0,5220
1,0951	0,5276
1,1019	0,5332
1,1093	0,5387
1,1174	0,5440
1,1259	0,5494
1,1350	0,5546
1,1445	0,5596
1,1543	0,5646
1,1645	0,5694
1,1750	0,5741
1,1856	0,5787
1,1964	0,5830
1,2071	0,5872
1,2179	0,5913
1,2285	0,5951
1,2389	0,5988
1,2492	0,6023
1,2591	0,6055
1,2688	0,6086
1,2780	0,6115
1,2869	0,6141
1,2953	0,6166
1,3033	0,6188
1,3109	0,6209
1,3180	0,6227
1,3247	0,6243
1,3309	0,6258
1,3368	0,6270
1,3423	0,6281
1,3474	0,6290
1,3522	0,6297
1,3567	0,6302
1,3611	0,6306
1,3652	0,6308
1,3691	0,6308
1,3730	0,6307
1,3768	0,6305
1,3805	0,6302
1,3843	0,6297
1,3880	0,6292
1,3919	0,6285
1,3958	0,6277
1,3997	0,6268
1,4038	0,6258
1,4080	0,6248
1,4123	0,6236
1,4167	0,6224
1,4212	0,6211
1,4258	0,6197
1,4305	0,6183
1,4352	0,6167
1,4399	0,6151
1,4446	0,6134
1,4494	0,6116
1,4541	0,6098
1,4588	0,6078
1,4634	0,6058
1,4680	0,6036
1,4725	0,6014
1,4770	0,5991
1,4814	0,5967
1,4857	0,5941
1,4900	0,5915
1,4943	0,5888
1,4987	0,5859
1,5031	0,5829
1,5076	0,5798
1,5122	0,5766
1,5170	0,5732
1,5220	0,5698
1,5273	0,5661
1,5330	0,5624
1,5389	0,5585
1,5453	0,5546
1,5521	0,5504
1,5594	0,5462
1,5671	0,5418
1,5754	0,5373
1,5841	0,5327
1,5933	0,5280
1,6030	0,5231
1,6132	0,5182
1,6238	0,5132
1,6347	0,5080
1,6460	0,5028
1,6575	0,4976
1,6692	0,4922
1,6811	0,4869
1,6930	0,4815
1,7049	0,4761
1,7166	0,4707
1,7282	0,4653
1,7395	0,4599
1,7505	0,4545
1,7611	0,4493
1,7712	0,4441
1,7807	0,4390
1,7897	0,4340
1,7981	0,4291
1,8058	0,4244
1,8129	0,4199
1,8192	0,4155
1,8249	0,4113
1,8299	0,4073
1,8342	0,4036
1,8380	0,4000
1,8411	0,3967
1,8437	0,3937
1,8458	0,3909
1,8475	0,3884
1,8488	0,3861
1,8498	0,3842
1,8505	0,3825
1,8512	0,3811
1,8518	0,3800
1,8524	0,3792
1,8530	0,3787
1,8539	0,3784
1,8550	0,3785
1,8564	0,3788
1,8582	0,3794
1,8604	0,3803
1,8632	0,3815
1,8665	0,3829
1,8704	0,3845
1,8749	0,3864
1,8800	0,3885
1,8858	0,3908
1,8923	0,3933
1,8995	0,3961
1,9073	0,3990
1,9157	0,4021
1,9247	0,4053
1,9343	0,4087
1,9443	0,4122
1,9548	0,4159
1,9657	0,4196
1,9768	0,4235
1,9882	0,4275
1,9998	0,4316
2,0114	0,4358
2,0229	0,4400
2,0344	0,4443
2,0457	0,4487
2,0568	0,4531
2,0675	0,4577
2,0779	0,4622
2,0878	0,4668
2,0973	0,4715
2,1062	0,4762
2,1146	0,4809
2,1224	0,4857
2,1297	0,4905
2,1365	0,4954
2,1427	0,5003
2,1485	0,5052
2,1538	0,5102
2,1587	0,5151
2,1634	0,5201
2,1677	0,5251
2,1719	0,5301
2,1761	0,5350
2,1802	0,5399
2,1844	0,5448
2,1887	0,5497
2,1933	0,5545
2,1983	0,5592
2,2036	0,5639
2,2094	0,5684
2,2157	0,5728
2,2226	0,5771
2,2300	0,5813
2,2382	0,5853
2,2470	0,5891
2,2564	0,5927
2,2665	0,5962
2,2772	0,5994
2,2886	0,6025
2,3005	0,6053
2,3130	0,6079
2,3259	0,6103
2,3393	0,6125
2,3530	0,6144
2,3670	0,6161
2,3812	0,6176
2,3956	0,6188
2,4100	0,6199
2,4245	0,6207
2,4388	0,6214
2,4530	0,6219
2,4670	0,6222
2,4808	0,6224
2,4942	0,6224
2,5072	0,6223
2,5199	0,6220
2,5321	0,6217
2,5438	0,6213
2,5551	0,6208
2,5659	0,6202
2,5761	0,6195
2,5859	0,6189
2,5952	0,6181
2,6040	0,6173
2,6123	0,6165
2,6201	0,6156
2,6276	0,6147
2,6346	0,6138
2,6412	0,6128
2,6474	0,6118
2,6533	0,6107
2,6589	0,6095
2,6642	0,6083
2,6691	0,6069
2,6738	0,6055
2,6783	0,6040
2,6825	0,6024
2,6865	0,6006
2,6902	0,5987
2,6937	0,5966
2,6970	0,5944
2,7000	0,5920
2,7028	0,5894
2,7054	0,5867
2,7077	0,5837
2,7098	0,5806
2,7116	0,5773
2,7131	0,5738
2,7144	0,5701
2,7153	0,5663
2,7160	0,5622
2,7165	0,5580
2,7166	0,5537
2,7165	0,5492
2,7161	0,5447
2,7156	0,5400
2,7148	0,5352
2,7139	0,5303
2,7129	0,5255
2,7118	0,5205
2,7107	0,5156
2,7097	0,5107
2,7087	0,5059
2,7080	0,5010
2,7074	0,4963
2,7072	0,4916
2,7074	0,4871
2,7080	0,4826
2,7091	0,4783
2,7108	0,4741
2,7131	0,4701
2,7161	0,4662
2,7198	0,4624
2,7242	0,4588
2,7294	0,4554
2,7354	0,4521
2,7421	0,4490
2,7496	0,4460
2,7577	0,4432
2,7666	0,4405
2,7761	0,4379
2,7862	0,4355
2,7968	0,4331
2,8078	0,4309
2,8192	0,4287
2,8308	0,4266
2,8425	0,4246
2,8543	0,4226
2,8661	0,4207
2,8776	0,4189
2,8889	0,4170
2,8999	0,4153
2,9104	0,4136
2,9203	0,4119
2,9296	0,4102
2,9382	0,4086
2,9460	0,4071
2,9530	0,4057
2,9592	0,4043
2,9646	0,4029
2,9690	0,4017
2,9727	0,4006
2,9754	0,3997
2,9774	0,3988
2,9787	0,3981
2,9793	0,3976
2,9793	0,3973
2,9788	0,3972
2,9779	0,3973
2,9768	0,3977
2,9755	0,3983
2,9742	0,3992
2,9730	0,4003
2,9720	0,4017
2,9715	0,4034
2,9715	0,4054
2,9721	0,4077
2,9735	0,4103
2,9759	0,4131
2,9792	0,4163
2,9837	0,4197
2,9894	0,4234
2,9964	0,4273
3,0047	0,4315
3,0144	0,4359
3,0254	0,4405
3,0379	0,4453
3,0518	0,4502
3,0670	0,4553
3,0836	0,4605
3,1013	0,4658
3,1203	0,4711
3,1403	0,4765
3,1613	0,4819
3,1830	0,4874
3,2055	0,4928
3,2286	0,4981
3,2520	0,5034
3,2756	0,5087
3,2994	0,5139
3,3231	0,5189
3,3465	0,5239
3,3696	0,5287
3,3921	0,5335
3,4139	0,5381
3,4350	0,5426
3,4551	0,5469
3,4741	0,5512
3,4921	0,5552
3,5088	0,5592
3,5242	0,5630
3,5384	0,5668
3,5512	0,5703
3,5625	0,5738
3,5726	0,5772
3,5812	0,5804
3,5885	0,5835
3,5944	0,5866
3,5991	0,5895
3,6026	0,5923
3,6049	0,5950
3,6061	0,5976
3,6064	0,6001
3,6056	0,6024
3,6041	0,6047
3,6017	0,6069
3,5987	0,6089
3,5950	0,6108
3,5908	0,6126
3,5862	0,6143
3,5812	0,6159
3,5759	0,6173
3,5703	0,6186
3,5646	0,6198
3,5587	0,6209
3,5527	0,6218
3,5468	0,6226
3,5408	0,6232
3,5349	0,6237
3,5291	0,6241
3,5235	0,6244
3,5180	0,6245
3,5126	0,6245
3,5076	0,6244
3,5027	0,6242
3,4982	0,6238
3,4939	0,6234
3,4899	0,6228
3,4863	0,6221
3,4830	0,6214
3,4801	0,6205
3,4776	0,6195
3,4756	0,6184
3,4740	0,6173
3,4728	0,6160
3,4721	0,6147
3,4720	0,6133
3,4724	0,6118
3,4733	0,6102
3,4749	0,6085
3,4771	0,6067
3,4799	0,6049
3,4834	0,6030
3,4876	0,6010
3,4925	0,5989
3,4982	0,5967
3,5046	0,5945
3,5118	0,5921
3,5199	0,5897
3,5287	0,5872
3,5383	0,5846
3,5488	0,5818
3,5600	0,5790
3,5721	0,5761
3,5849	0,5731
3,5985	0,5700
3,6129	0,5667
3,6279	0,5634
3,6436	0,5599
3,6599	0,5563
3,6767	0,5526
3,6940	0,5488
3,7117	0,5449
3,7298	0,5409
3,7481	0,5367
3,7665	0,5325
3,7850	0,5281
3,8034	0,5237
3,8217	0,5192
3,8397	0,5145
3,8574	0,5098
3,8747	0,5050
3,8913	0,5002
3,9074	0,4953
3,9226	0,4904
3,9370	0,4854
3,9505	0,4804
3,9629	0,4754
3,9743	0,4703
3,9844	0,4653
3,9934	0,4604
4,0011	0,4554
4,0075	0,4505
4,0126	0,4457
4,0164	0,4410
4,0188	0,4363
4,0200	0,4318
4,0200	0,4274
4,0187	0,4231
4,0164	0,4190
4,0130	0,4150
4,0086	0,4113
4,0035	0,4077
3,9976	0,4043
3,9911	0,4011
3,9842	0,3982
3,9771	0,3954
3,9698	0,3929
3,9626	0,3907
3,9556	0,3887
3,9490	0,3869
3,9430	0,3855
3,9377	0,3842
3,9332	0,3832
3,9298	0,3825
3,9276	0,3820
3,9266	0,3818
3,9270	0,3818
3,9289	0,3820
3,9324	0,3825
3,9374	0,3832
3,9441	0,3841
3,9525	0,3852
3,9624	0,3865
3,9740	0,3879
3,9871	0,3895
4,0016	0,3913
4,0175	0,3933
4,0347	0,3953
4,0530	0,3975
4,0722	0,3999
4,0922	0,4023
4,1129	0,4048
4,1340	0,4074
4,1554	0,4101
4,1769	0,4129
4,1982	0,4157
4,2193	0,4186
4,2400	0,4216
4,2600	0,4247
4,2793	0,4278
4,2977	0,4310
4,3150	0,4342
4,3311	0,4375
4,3461	0,4409
4,3597	0,4443
4,3719	0,4479
4,3827	0,4515
4,3922	0,4551
4,4002	0,4589
4,4068	0,4627
4,4121	0,4666
4,4161	0,4706
4,4189	0,4747
4,4206	0,4788
4,4213	0,4831
4,4211	0,4874
4,4200	0,4918
4,4183	0,4962
4,4161	0,5008
4,4135	0,5054
4,4105	0,5100
4,4075	0,5147
4,4043	0,5194
4,4013	0,5242
4,3984	0,5290
4,3959	0,5338
4,3936	0,5386
4,3919	0,5433
4,3906	0,5481
4,3899	0,5528
4,3898	0,5574
4,3903	0,5620
4,3914	0,5665
4,3932	0,5709
4,3956	0,5752
4,3987	0,5794
4,4024	0,5835
4,4066	0,5874
4,4113	0,5912
4,4165	0,5949
4,4222	0,5984
4,4282	0,6017
4,4346	0,6048
4,4412	0,6077
4,4480	0,6105
4,4550	0,6130
4,4621	0,6154
4,4692	0,6175
4,4764	0,6195
4,4835	0,6212
4,4906	0,6227
4,4976	0,6240
4,5045	0,6252
4,5112	0,6261
4,5179	0,6267
4,5243	0,6272
4,5306	0,6275
4,5368	0,6276
4,5428	0,6275
4,5487	0,6272
4,5545	0,6268
4,5602	0,6261
4,5657	0,6253
4,5712	0,6243
4,5767	0,6232
4,5820	0,6219
4,5874	0,6205
4,5927	0,6189
4,5980	0,6173
4,6032	0,6155
4,6085	0,6136
4,6137	0,6116
4,6190	0,6095
4,6242	0,6074
4,6294	0,6052
4,6346	0,6030
4,6398	0,6007
4,6449	0,5984
4,6500	0,5960
4,6551	0,5937
4,6601	0,5913
4,6650	0,5889
4,6700	0,5866
4,6749	0,5842
4,6798	0,5818
4,6846	0,5795
4,6895	0,5772
4,6945	0,5749
4,6994	0,5726
4,7045	0,5703
4,7097	0,5680
4,7151	0,5657
4,7207	0,5635
4,7265	0,5612
4,7326	0,5589
4,7391	0,5566
4,7459	0,5543
4,7531	0,5519
4,7608	0,5495
4,7690	0,5470
4,7777	0,5445
4,7869	0,5419
4,7968	0,5392
4,8072	0,5365
4,8182	0,5337
4,8298	0,5307
4,8420	0,5277
4,8547	0,5246
4,8681	0,5213
4,8819	0,5180
4,8963	0,5145
4,9112	0,5110
4,9264	0,5073
4,9421	0,5035
4,9580	0,4997
4,9742	0,4957
4,9906	0,4916
5,0071	0,4875
5,0237	0,4833
5,0402	0,4790
5,0566	0,4747
5,0729	0,4703
5,0890	0,4658
5,1047	0,4614
5,1200	0,4569
5,1349	0,4525
5,1493	0,4480
5,1631	0,4436
5,1762	0,4392
5,1887	0,4349
5,2004	0,4306
5,2113	0,4264
5,2214	0,4223
5,2306	0,4183
5,2389	0,4145
5,2462	0,4107
5,2526	0,4071
5,2580	0,4036
5,2625	0,4004
5,2660	0,3972
5,2685	0,3943
5,2701	0,3915
5,2708	0,3890
5,2706	0,3866
5,2695	0,3845
5,2677	0,3826
5,2651	0,3809
5,2618	0,3795
5,2579	0,3783
5,2535	0,3774
5,2486	0,3767
5,2433	0,3762
5,2377	0,3760
5,2318	0,3761
5,2259	0,3764
5,2199	0,3769
5,2139	0,3777
5,2081	0,3788
5,2024	0,3801
5,1971	0,3817
5,1921	0,3835
5,1876	0,3856
5,1836	0,3878
5,1801	0,3903
5,1773	0,3930
5,1751	0,3959
5,1737	0,3991
5,1730	0,4024
5,1730	0,4059
5,1739	0,4095
5,1755	0,4133
5,1778	0,4173
5,1810	0,4213
5,1849	0,4255
5,1895	0,4299
5,1948	0,4343
5,2008	0,4387
5,2074	0,4433
5,2145	0,4479
5,2222	0,4526
5,2302	0,4573
5,2387	0,4620
5,2475	0,4667
5,2565	0,4715
5,2657	0,4762
5,2749	0,4809
5,2843	0,4856
5,2936	0,4903
5,3028	0,4949
5,3119	0,4995
5,3208	0,5040
5,3295	0,5085
5,3379	0,5130
5,3459	0,5174
5,3536	0,5217
5,3610	0,5260
5,3680	0,5302
5,3745	0,5343
5,3807	0,5384
5,3865	0,5425
5,3920	0,5465
5,3971	0,5504
5,4019	0,5543
5,4064	0,5581
5,4107	0,5619
5,4147	0,5656
5,4186	0,5693
5,4224	0,5730
5,4260	0,5766
5,4297	0,5801
5,4333	0,5836
5,4370	0,5871
5,4408	0,5905
5,4447	0,5939
5,4488	0,5972
5,4531	0,6005
5,4576	0,6037
5,4623	0,6068
5,4673	0,6099
5,4726	0,6129
5,4781	0,6159
5,4839	0,6187
5,4900	0,6214
5,4963	0,6241
5,5029	0,6266
5,5098	0,6290
5,5169	0,6313
5,5242	0,6334
5,5317	0,6355
5,5393	0,6373
5,5472	0,6390
5,5552	0,6406
5,5633	0,6419
5,5715	0,6431
5,5799	0,6442
5,5884	0,6450
5,5969	0,6456
5,6056	0,6461
5,6144	0,6463
5,6234	0,6464
5,6324	0,6463
5,6417	0,6459
5,6511	0,6454
5,6607	0,6447
5,6704	0,6438
5,6805	0,6427
5,6907	0,6414
5,7013	0,6399
5,7121	0,6383
5,7232	0,6364
5,7346	0,6345
5,7462	0,6323
5,7582	0,6300
5,7704	0,6275
5,7829	0,6249
5,7956	0,6222
5,8085	0,6194
5,8215	0,6164
5,8347	0,6133
5,8479	0,6101
5,8611	0,6068
5,8742	0,6035
5,8872	0,6000
5,9000	0,5965
5,9126	0,5929
5,9248	0,5892
5,9366	0,5855
5,9479	0,5817
5,9586	0,5779
5,9688	0,5741
5,9782	0,5702
5,9869	0,5663
5,9949	0,5624
6,0020	0,5585
6,0082	0,5545
6,0136	0,5505
6,0181	0,5466
6,0216	0,5426
6,0243	0,5386
6,0261	0,5346
6,0270	0,5306
6,0271	0,5266
6,0263	0,5227
6,0249	0,5187
6,0227	0,5147
6,0200	0,5107
6,0167	0,5068
6,0130	0,5028
6,0088	0,4989
6,0044	0,4950
5,9999	0,4910
5,9952	0,4871
5,9906	0,4832
5,9860	0,4793
5,9817	0,4755
5,9776	0,4716
5,9740	0,4678
5,9708	0,4640
5,9682	0,4603
5,9662	0,4566
5,9649	0,4529
5,9643	0,4493
5,9646	0,4457
5,9656	0,4422
5,9676	0,4387
5,9703	0,4353
5,9740	0,4320
5,9786	0,4288
5,9840	0,4257
5,9903	0,4227
5,9973	0,4197
6,0052	0,4169
6,0138	0,4143
6,0230	0,4117
6,0329	0,4093
6,0433	0,4071
6,0542	0,4050
6,0655	0,4031
6,0771	0,4013
6,0889	0,3997
6,1009	0,3983
6,1131	0,3971
6,1252	0,3961
6,1373	0,3952
6,1492	0,3946
6,1610	0,3942
6,1725	0,3940
6,1838	0,3939
6,1946	0,3941
6,2051	0,3945
6,2152	0,3950
6,2248	0,3958
6,2340	0,3968
6,2426	0,3979
6,2508	0,3992
6,2585	0,4007
6,2657	0,4024
6,2724	0,4042
6,2788	0,4061
6,2847	0,4082
6,2902	0,4105
6,2954	0,4129
6,3003	0,4154
6,3050	0,4180
6,3095	0,4207
6,3138	0,4235
6,3181	0,4264
6,3223	0,4293
6,3265	0,4323
6,3309	0,4354
6,3353	0,4385
6,3400	0,4417
6,3449	0,4449
6,3500	0,4482
6,3555	0,4515
6,3614	0,4548
6,3676	0,4581
6,3743	0,4614
6,3814	0,4648
6,3890	0,4681
6,3971	0,4715
6,4057	0,4749
6,4148	0,4782
6,4244	0,4816
6,4346	0,4850
6,4452	0,4884
6,4563	0,4918
6,4679	0,4952
6,4800	0,4986
6,4925	0,5020
6,5055	0,5055
6,5188	0,5089
6,5325	0,5124
6,5466	0,5158
6,5609	0,5193
6,5755	0,5228
6,5904	0,5263
6,6054	0,5299
6,6206	0,5334
6,6358	0,5369
6,6512	0,5405
6,6666	0,5440
6,6819	0,5476
6,6972	0,5511
6,7124	0,5547
6,7274	0,5582
6,7423	0,5617
6,7569	0,5652
6,7712	0,5686
6,7852	0,5720
6,7988	0,5753
6,8120	0,5786
6,8247	0,5818
6,8370	0,5850
6,8488	0,5880
6,8600	0,5910
6,8706	0,5939
6,8807	0,5966
6,8901	0,5993
6,8989	0,6018
6,9070	0,6042
6,9146	0,6064
6,9214	0,6086
6,9276	0,6105
6,9332	0,6123
6,9382	0,6140
6,9425	0,6154
6,9463	0,6168
6,9494	0,6179
6,9521	0,6189
6,9543	0,6197
6,9560	0,6203
6,9573	0,6208
6,9583	0,6210
6,9589	0,6212
6,9593	0,6211
6,9595	0,6209
6,9596	0,6205
6,9595	0,6200
6,9595	0,6194
6,9595	0,6186
6,9596	0,6176
6,9598	0,6166
6,9603	0,6154
6,9611	0,6141
6,9621	0,6127
6,9636	0,6112
6,9654	0,6096
6,9677	0,6079
6,9705	0,6061
6,9738	0,6043
6,9777	0,6024
6,9820	0,6005
6,9870	0,5985
6,9924	0,5965
6,9984	0,5944
7,0050	0,5922
7,0120	0,5901
7,0195	0,5879
7,0274	0,5856
7,0358	0,5834
7,0445	0,5811
7,0535	0,5787
7,0628	0,5763
7,0723	0,5739
7,0820	0,5714
7,0917	0,5689
7,1014	0,5664
7,1112	0,5638
7,1208	0,5611
7,1303	0,5584
7,1396	0,5556
7,1486	0,5528
7,1573	0,5498
7,1656	0,5469
7,1736	0,5438
7,1810	0,5407
7,1880	0,5375
7,1945	0,5342
7,2004	0,5308
7,2057	0,5274
7,2105	0,5239
7,2146	0,5204
7,2182	0,5167
7,2211	0,5131
7,2235	0,5093
7,2252	0,5055
7,2264	0,5017
7,2271	0,4978
7,2272	0,4939
7,2269	0,4899
7,2262	0,4859
7,2251	0,4820
7,2236	0,4780
7,2219	0,4740
7,2199	0,4701
7,2178	0,4662
7,2156	0,4623
7,2134	0,4584
7,2112	0,4547
7,2091	0,4510
7,2072	0,4473
7,2056	0,4438
7,2042	0,4404
7,2032	0,4370
7,2026	0,4338
7,2025	0,4307
7,2029	0,4278
7,2039	0,4250
7,2055	0,4223
7,2077	0,4198
7,2106	0,4174
7,2142	0,4152
7,2185	0,4132
7,2235	0,4114
7,2292	0,4097
7,2356	0,4082
7,2427	0,4069
7,2505	0,4058
7,2589	0,4048
7,2679	0,4040
7,2774	0,4034
7,2875	0,4029
7,2980	0,4027
7,3089	0,4025
7,3201	0,4026
7,3316	0,4028
7,3433	0,4031
7,3551	0,4036
7,3670	0,4042
7,3789	0,4050
7,3907	0,4059
7,4023	0,4069
7,4138	0,4080
7,4249	0,4092
7,4358	0,4106
7,4462	0,4120
7,4563	0,4136
7,4658	0,4152
7,4749	0,4170
7,4835	0,4188
7,4915	0,4208
7,4989	0,4228
7,5058	0,4249
7,5122	0,4271
7,5180	0,4293
7,5234	0,4317
7,5283	0,4341
7,5328	0,4366
7,5369	0,4392
7,5407	0,4419
7,5442	0,4447
7,5476	0,4475
7,5508	0,4505
7,5540	0,4535
7,5572	0,4566
7,5606	0,4598
7,5641	0,4631
7,5679	0,4665
7,5720	0,4699
7,5764	0,4734
7,5813	0,4770
7,5867	0,4807
7,5926	0,4844
7,5990	0,4883
7,6060	0,4921
7,6136	0,4961
7,6217	0,5001
7,6303	0,5041
7,6395	0,5082
7,6491	0,5123
7,6592	0,5164
7,6696	0,5206
7,6803	0,5248
7,6913	0,5290
7,7024	0,5331
7,7135	0,5373
7,7246	0,5415
7,7356	0,5456
7,7464	0,5497
7,7568	0,5538
7,7669	0,5578
7,7765	0,5618
7,7855	0,5657
7,7940	0,5696
7,8017	0,5734
7,8087	0,5771
7,8150	0,5807
7,8204	0,5842
7,8250	0,5877
7,8289	0,5910
7,8319	0,5943
7,8341	0,5975
7,8356	0,6005
7,8364	0,6034
7,8366	0,6063
7,8362	0,6090
7,8353	0,6116
7,8339	0,6141
7,8323	0,6165
7,8304	0,6188
7,8284	0,6210
7,8264	0,6230
7,8244	0,6250
7,8226	0,6268
7,8211	0,6286
7,8199	0,6302
7,8192	0,6317
7,8190	0,6331
7,8194	0,6344
7,8205	0,6356
7,8223	0,6366
7,8250	0,6376
7,8284	0,6384
7,8327	0,6392
7,8378	0,6398
7,8438	0,6403
7,8507	0,6407
7,8584	0,6410
7,8670	0,6411
7,8764	0,6412
7,8865	0,6411
7,8974	0,6409
7,9090	0,6405
7,9211	0,6401
7,9338	0,6395
7,9470	0,6388
7,9606	0,6380
7,9745	0,6370
7,9887	0,6360
8,0031	0,6347
8,0176	0,6334
8,0322	0,6319
8,0467	0,6303
8,0611	0,6286
8,0754	0,6268
8,0894	0,6248
8,1031	0,6227
8,1164	0,6205
8,1294	0,6182
8,1418	0,6157
8,1538	0,6132
8,1652	0,6105
8,1760	0,6078
8,1862	0,6049
8,1958	0,6020
8,2047	0,5989
8,2129	0,5958
8,2204	0,5925
8,2273	0,5892
8,2335	0,5859
8,2390	0,5824
8,2439	0,5789
8,2482	0,5753
8,2520	0,5716
8,2552	0,5679
8,2579	0,5641
8,2601	0,5602
8,2620	0,5563
8,2636	0,5524
8,2649	0,5484
8,2660	0,5443
8,2669	0,5402
8,2678	0,5361
8,2687	0,5319
8,2696	0,5277
8,2707	0,5235
8,2720	0,5192
8,2735	0,5149
8,2753	0,5106
8,2775	0,5063
8,2801	0,5019
8,2832	0,4976
8,2868	0,4932
8,2908	0,4889
8,2954	0,4845
8,3006	0,4802
8,3064	0,4759
8,3127	0,4716
8,3195	0,4673
8,3269	0,4631
8,3348	0,4589
8,3432	0,4548
8,3521	0,4507
8,3613	0,4466
8,3710	0,4427
8,3809	0,4388
8,3912	0,4349
8,4016	0,4312
8,4122	0,4276
8,4229	0,4240
8,4336	0,4206
8,4442	0,4173
8,4548	0,4141
8,4653	0,4110
8,4756	0,4081
8,4856	0,4053
8,4953	0,4026
8,5047	0,4001
8,5137	0,3977
8,5223	0,3955
8,5304	0,3935
8,5381	0,3916
8,5453	0,3898
8,5520	0,3882
8,5583	0,3868
8,5640	0,3856
8,5692	0,3845
8,5740	0,3836
8,5783	0,3828
8,5822	0,3822
8,5856	0,3817
8,5887	0,3814
8,5915	0,3813
8,5940	0,3813
8,5962	0,3814
8,5983	0,3817
8,6002	0,3821
8,6020	0,3826
8,6037	0,3833
8,6054	0,3840
8,6072	0,3849
8,6090	0,3859
8,6110	0,3870
8,6131	0,3882
8,6154	0,3894
8,6179	0,3908
8,6207	0,3923
8,6237	0,3939
8,6270	0,3955
8,6305	0,3973
8,6344	0,3991
8,6385	0,4010
8,6429	0,4031
8,6475	0,4052
8,6524	0,4074
8,6575	0,4098
8,6627	0,4122
8,6682	0,4148
8,6738	0,4175
8,6795	0,4203
8,6853	0,4232
8,6911	0,4262
8,6970	0,4294
8,7029	0,4327
8,7088	0,4361
8,7146	0,4396
8,7204	0,4432
8,7261	0,4470
8,7317	0,4508
8,7372	0,4548
8,7427	0,4588
8,7480	0,4630
8,7533	0,4672
8,7585	0,4715
8,7637	0,4759
8,7688	0,4803
8,7739	0,4848
8,7790	0,4892
8,7842	0,4937
8,7894	0,4982
8,7947	0,5027
8,8001	0,5072
8,8056	0,5116
8,8114	0,5160
8,8173	0,5204
8,8234	0,5246
8,8298	0,5289
8,8365	0,5330
8,8434	0,5371
8,8505	0,5410
8,8580	0,5449
8,8657	0,5487
8,8737	0,5523
8,8820	0,5559
8,8905	0,5594
8,8992	0,5627
8,9080	0,5660
8,9170	0,5691
8,9262	0,5722
8,9353	0,5751
8,9446	0,5780
8,9537	0,5808
8,9629	0,5834
8,9719	0,5860
8,9807	0,5885
8,9894	0,5909
8,9978	0,5932
9,0059	0,5954
9,0138	0,5976
9,0213	0,5996
9,0284	0,6016
9,0352	0,6035
9,0416	0,6053
9,0476	0,6070
9,0532	0,6086
9,0585	0,6101
9,0633	0,6115
9,0679	0,6127
9,0721	0,6139
9,0759	0,6150
9,0796	0,6159
9,0830	0,6167
9,0862	0,6174
9,0894	0,6179
9,0924	0,6184
9,0954	0,6186
9,0984	0,6188
9,1015	0,6188
9,1048	0,6187
9,1082	0,6184
9,1119	0,6181
9,1159	0,6176
9,1202	0,6170
9,1249	0,6162
9,1300	0,6154
9,1355	0,6145
9,1416	0,6135
9,1482	0,6124
9,1552	0,6112
9,1629	0,6100
9,1710	0,6087
9,1797	0,6074
9,1888	0,6061
9,1985	0,6047
9,2085	0,6034
9,2190	0,6020
9,2298	0,6006
9,2409	0,5993
9,2523	0,5979
9,2637	0,5966
9,2753	0,5953
9,2869	0,5940
9,2983	0,5927
9,3096	0,5914
9,3206	0,5902
9,3313	0,5889
9,3416	0,5877
9,3514	0,5864
9,3606	0,5851
9,3691	0,5838
9,3770	0,5824
9,3842	0,5810
9,3906	0,5795
9,3961	0,5779
9,4009	0,5762
9,4049	0,5744
9,4081	0,5725
9,4105	0,5704
9,4121	0,5682
9,4131	0,5658
9,4134	0,5632
9,4131	0,5605
9,4124	0,5576
9,4112	0,5545
9,4097	0,5513
9,4080	0,5478
9,4062	0,5442
9,4043	0,5404
9,4025	0,5364
9,4009	0,5323
9,3995	0,5280
9,3985	0,5235
9,3979	0,5190
9,3977	0,5143
9,3982	0,5096
9,3992	0,5047
9,4009	0,4998
9,4032	0,4949
9,4063	0,4900
9,4101	0,4850
9,4145	0,4801
9,4197	0,4753
9,4255	0,4704
9,4319	0,4657
9,4390	0,4610
9,4465	0,4565
9,4545	0,4520
9,4630	0,4477
9,4717	0,4436
9,4807	0,4396
9,4900	0,4357
9,4993	0,4320
9,5087	0,4285
9,5181	0,4251
9,5274	0,4219
9,5365	0,4189
9,5454	0,4161
9,5541	0,4134
9,5624	0,4109
9,5704	0,4086
9,5780	0,4064
9,5852	0,4044
9,5919	0,4025
9,5982	0,4008
9,6041	0,3992
9,6096	0,3977
9,6146	0,3964
9,6193	0,3952
9,6235	0,3942
9,6274	0,3932
9,6310	0,3924
9,6343	0,3917
9,6374	0,3911
9,6403	0,3906
9,6430	0,3902
9,6456	0,3899
9,6481	0,3897
9,6505	0,3897
9,6529	0,3897
9,6553	0,3899
9,6578	0,3901
9,6604	0,3905
9,6630	0,3910
9,6657	0,3916
9,6686	0,3923
9,6716	0,3931
9,6747	0,3941
9,6780	0,3951
9,6815	0,3963
9,6851	0,3976
9,6889	0,3990
9,6928	0,4006
9,6969	0,4022
9,7012	0,4040
9,7056	0,4059
9,7102	0,4079
9,7149	0,4101
9,7198	0,4123
9,7249	0,4147
9,7301	0,4172
9,7355	0,4197
9,7411	0,4224
9,7468	0,4252
9,7528	0,4281
9,7589	0,4311
9,7653	0,4341
9,7719	0,4373
9,7787	0,4405
9,7857	0,4438
9,7931	0,4471
9,8006	0,4505
9,8085	0,4540
9,8166	0,4575
9,8250	0,4610
9,8336	0,4646
9,8426	0,4683
9,8518	0,4719
9,8612	0,4756
9,8710	0,4792
9,8809	0,4829
9,8910	0,4866
9,9014	0,4903
9,9118	0,4939
9,9224	0,4976
9,9330	0,5013
9,9437	0,5049
9,9544	0,5085
9,9649	0,5121
9,9754	0,5157
9,9857	0,5192
9,9958	0,5228
10,0057	0,5263
10,0152	0,5297
10,0245	0,5332
10,0333	0,5366
10,0418	0,5400
10,0498	0,5434
10,0573	0,5468
10,0644	0,5501
10,0711	0,5534
10,0772	0,5567
10,0829	0,5599
10,0881	0,5632
10,0929	0,5664
10,0973	0,5696
10,1014	0,5728
10,1051	0,5759
10,1085	0,5790
10,1117	0,5821
10,1148	0,5852
10,1177	0,5882
10,1206	0,5912
10,1234	0,5941
10,1264	0,5970
10,1294	0,5998
10,1326	0,6026
10,1361	0,6054
10,1398	0,6080
10,1438	0,6106
10,1482	0,6131
10,1530	0,6156
10,1581	0,6179
10,1637	0,6202
10,1697	0,6223
10,1760	0,6243
10,1828	0,6263
10,1900	0,6281
10,1976	0,6297
10,2055	0,6313
10,2136	0,6326
10,2221	0,6339
10,2307	0,6350
10,2394	0,6360
10,2483	0,6368
10,2572	0,6374
10,2660	0,6379
10,2748	0,6382
10,2833	0,6384
10,2917	0,6385
10,2998	0,6384
10,3075	0,6381
10,3149	0,6378
10,3218	0,6372
10,3282	0,6366
10,3341	0,6358
10,3395	0,6350
10,3443	0,6340
10,3485	0,6329
10,3522	0,6317
10,3553	0,6304
10,3578	0,6290
10,3598	0,6276
10,3612	0,6260
10,3622	0,6244
10,3628	0,6228
10,3631	0,6211
10,3631	0,6193
10,3628	0,6175
10,3624	0,6156
10,3620	0,6137
10,3616	0,6117
10,3613	0,6097
10,3613	0,6076
10,3615	0,6055
10,3622	0,6034
10,3633	0,6012
10,3650	0,5989
10,3673	0,5966
10,3703	0,5943
10,3740	0,5919
10,3786	0,5895
10,3839	0,5870
10,3901	0,5844
10,3972	0,5818
10,4051	0,5791
10,4138	0,5764
10,4233	0,5736
10,4336	0,5708
10,4446	0,5678
10,4563	0,5648
10,4685	0,5618
10,4811	0,5586
10,4942	0,5555
10,5075	0,5522
10,5211	0,5489
10,5347	0,5455
10,5482	0,5420
10,5617	0,5385
10,5748	0,5350
10,5877	0,5313
10,6000	0,5277
10,6119	0,5240
10,6231	0,5202
10,6335	0,5165
10,6433	0,5127
10,6521	0,5089
10,6601	0,5051
10,6672	0,5013
10,6733	0,4975
10,6784	0,4937
10,6826	0,4899
10,6859	0,4861
10,6883	0,4824
10,6897	0,4787
10,6904	0,4751
10,6903	0,4715
10,6895	0,4680
10,6881	0,4645
10,6861	0,4611
10,6838	0,4577
10,6811	0,4544
10,6782	0,4512
10,6752	0,4481
10,6722	0,4451
10,6693	0,4421
10,6667	0,4392
10,6644	0,4364
10,6626	0,4337
10,6614	0,4311
10,6608	0,4286
10,6610	0,4262
10,6620	0,4239
10,6639	0,4217
10,6667	0,4195
10,6706	0,4175
10,6754	0,4156
10,6813	0,4138
10,6883	0,4121
10,6962	0,4105
10,7052	0,4091
10,7151	0,4077
10,7260	0,4065
10,7377	0,4054
10,7501	0,4044
10,7632	0,4036
10,7769	0,4028
10,7910	0,4022
10,8054	0,4018
10,8201	0,4014
10,8348	0,4012
10,8495	0,4011
10,8640	0,4011
10,8782	0,4012
10,8920	0,4015
10,9053	0,4018
10,9179	0,4023
10,9297	0,4029
10,9407	0,4036
10,9507	0,4045
10,9598	0,4054
10,9678	0,4064
10,9747	0,4075
10,9806	0,4087
10,9853	0,4100
10,9890	0,4114
10,9916	0,4129
10,9932	0,4144
10,9939	0,4161
10,9937	0,4178
10,9927	0,4196
10,9911	0,4214
10,9889	0,4234
10,9864	0,4254
10,9835	0,4274
10,9805	0,4296
10,9775	0,4318
10,9746	0,4341
10,9720	0,4365
10,9698	0,4390
10,9681	0,4415
10,9671	0,4441
10,9669	0,4468
10,9676	0,4496
10,9691	0,4525
10,9718	0,4554
10,9754	0,4585
10,9802	0,4616
10,9861	0,4648
10,9931	0,4680
11,0012	0,4714
11,0104	0,4748
11,0206	0,4783
11,0317	0,4819
11,0436	0,4855
11,0563	0,4892
11,0696	0,4929
11,0833	0,4967
11,0975	0,5005
11,1119	0,5043
11,1264	0,5081
11,1409	0,5119
11,1552	0,5158
11,1692	0,5196
11,1827	0,5233
11,1957	0,5270
11,2080	0,5307
11,2196	0,5343
11,2304	0,5379
11,2402	0,5413
11,2491	0,5447
11,2570	0,5479
11,2638	0,5511
11,2697	0,5541
11,2746	0,5571
11,2785	0,5599
11,2816	0,5626
11,2837	0,5652
11,2851	0,5676
11,2859	0,5700
11,2860	0,5723
11,2857	0,5744
11,2850	0,5764
11,2840	0,5784
11,2830	0,5803
11,2819	0,5820
11,2809	0,5838
11,2801	0,5854
11,2797	0,5870
11,2796	0,5885
11,2801	0,5900
11,2812	0,5914
11,2828	0,5929
11,2852	0,5942
11,2883	0,5956
11,2921	0,5970
11,2967	0,5983
11,3019	0,5997
11,3079	0,6010
11,3145	0,6023
11,3217	0,6037
11,3294	0,6050
11,3376	0,6063
11,3462	0,6076
11,3550	0,6089
11,3639	0,6102
11,3730	0,6115
11,3820	0,6127
11,3909	0,6139
11,3996	0,6151
11,4079	0,6162
11,4159	0,6172
11,4234	0,6182
11,4304	0,6192
11,4368	0,6200
11,4426	0,6208
11,4477	0,6215
11,4521	0,6221
11,4559	0,6226
11,4590	0,6230
11,4615	0,6233
11,4634	0,6235
11,4647	0,6236
11,4655	0,6235
11,4658	0,6233
11,4658	0,6231
11,4654	0,6226
11,4648	0,6221
11,4640	0,6215
11,4632	0,6207
11,4623	0,6198
11,4615	0,6189
11,4609	0,6178
11,4605	0,6166
11,4603	0,6153
11,4605	0,6139
11,4611	0,6124
11,4621	0,6108
11,4636	0,6091
11,4656	0,6073
11,4681	0,6055
11,4711	0,6036
11,4746	0,6016
11,4787	0,5995
11,4833	0,5974
11,4884	0,5952
11,4940	0,5929
11,5001	0,5905
11,5066	0,5881
11,5135	0,5856
11,5208	0,5831
11,5285	0,5805
11,5365	0,5778
11,5447	0,5751
11,5532	0,5723
11,5619	0,5694
11,5708	0,5664
11,5799	0,5634
11,5891	0,5603
11,5983	0,5571
11,6077	0,5539
11,6170	0,5506
11,6264	0,5472
11,6358	0,5438
11,6451	0,5403
11,6544	0,5367
11,6636	0,5331
11,6727	0,5294
11,6816	0,5256
11,6904	0,5219
11,6991	0,5180
11,7075	0,5142
11,7157	0,5103
11,7237	0,5063
11,7315	0,5024
11,7389	0,4985
11,7461	0,4945
11,7529	0,4906
11,7594	0,4866
11,7656	0,4827
11,7715	0,4788
11,7770	0,4750
11,7821	0,4712
11,7870	0,4674
11,7915	0,4637
11,7957	0,4601
11,7996	0,4565
11,8032	0,4531
11,8066	0,4497
11,8098	0,4463
11,8128	0,4431
11,8156	0,4400
11,8184	0,4370
11,8211	0,4340
11,8238	0,4312
11,8265	0,4285
11,8293	0,4259
11,8322	0,4235
11,8353	0,4211
11,8386	0,4188
11,8422	0,4167
11,8460	0,4147
11,8502	0,4128
11,8547	0,4110
11,8597	0,4093
11,8650	0,4078
11,8707	0,4063
11,8769	0,4050
11,8836	0,4038
11,8907	0,4027
11,8982	0,4017
11,9062	0,4008
11,9146	0,4000
11,9234	0,3993
11,9327	0,3987
11,9422	0,3983
11,9521	0,3979
11,9623	0,3976
11,9727	0,3974
11,9834	0,3974
11,9942	0,3974
12,0052	0,3975
12,0162	0,3978
12,0273	0,3981
12,0383	0,3985
12,0493	0,3990
12,0602	0,3996
12,0709	0,4003
12,0814	0,4011
12,0916	0,4020
12,1016	0,4030
12,1112	0,4041
12,1205	0,4053
12,1294	0,4066
12,1379	0,4080
12,1459	0,4094
12,1535	0,4110
12,1606	0,4126
12,1672	0,4143
12,1733	0,4161
12,1790	0,4180
12,1843	0,4200
12,1891	0,4220
12,1935	0,4241
12,1975	0,4263
12,2011	0,4285
12,2044	0,4308
12,2075	0,4332
12,2103	0,4356
12,2129	0,4380
12,2154	0,4405
12,2178	0,4431
12,2202	0,4456
12,2225	0,4482
12,2249	0,4509
12,2274	0,4535
12,2299	0,4562
12,2327	0,4589
12,2356	0,4616
12,2387	0,4643
12,2420	0,4670
12,2456	0,4698
12,2494	0,4725
12,2535	0,4753
12,2578	0,4781
12,2624	0,4809
12,2672	0,4837
12,2723	0,4865
12,2775	0,4894
12,2830	0,4922
12,2885	0,4951
12,2943	0,4980
12,3001	0,5010
12,3060	0,5039
12,3119	0,5069
12,3179	0,5099
12,3238	0,5130
12,3297	0,5160
12,3356	0,5191
12,3413	0,5223
12,3470	0,5255
12,3525	0,5287
12,3579	0,5319
12,3632	0,5351
12,3683	0,5384
12,3732	0,5417
12,3780	0,5450
12,3826	0,5484
12,3871	0,5517
12,3914	0,5550
12,3956	0,5584
12,3997	0,5617
12,4036	0,5650
12,4075	0,5682
12,4113	0,5715
12,4150	0,5747
12,4188	0,5778
12,4225	0,5809
12,4263	0,5839
12,4301	0,5868
12,4340	0,5896
12,4381	0,5923
12,4423	0,5950
12,4467	0,5975
12,4513	0,5999
12,4561	0,6022
12,4613	0,6044
12,4668	0,6065
12,4726	0,6084
12,4789	0,6102
12,4855	0,6119
12,4926	0,6134
12,5002	0,6148
12,5083	0,6161
12,5169	0,6172
12,5261	0,6183
12,5358	0,6192
12,5460	0,6200
12,5568	0,6207
12,5682	0,6213
12,5801	0,6219
12,5924	0,6223
12,6053	0,6227
12,6186	0,6230
12,6322	0,6232
12,6462	0,6234
12,6605	0,6235
12,6749	0,6236
12,6895	0,6237
12,7041	0,6237
12,7187	0,6237
12,7331	0,6236
12,7472	0,6236
12,7610	0,6235
12,7744	0,6233
12,7873	0,6232
12,7995	0,6230
12,8111	0,6228
12,8218	0,6225
12,8317	0,6222
12,8407	0,6218
12,8487	0,6214
12,8557	0,6210
12,8616	0,6204
12,8664	0,6198
12,8700	0,6191
12,8726	0,6183
12,8740	0,6174
12,8744	0,6165
12,8737	0,6154
12,8719	0,6142
12,8692	0,6129
12,8656	0,6115
12,8611	0,6099
12,8558	0,6083
12,8499	0,6065
12,8433	0,6046
12,8362	0,6025
12,8288	0,6004
12,8210	0,5981
12,8131	0,5958
12,8050	0,5933
12,7970	0,5907
12,7892	0,5881
12,7816	0,5853
12,7743	0,5825
12,7675	0,5795
12,7613	0,5766
12,7558	0,5735
12,7510	0,5704
12,7471	0,5673
12,7440	0,5641
12,7420	0,5609
12,7411	0,5576
12,7412	0,5543
12,7425	0,5511
12,7449	0,5478
12,7486	0,5444
12,7534	0,5411
12,7594	0,5378
12,7667	0,5345
12,7750	0,5312
12,7844	0,5279
12,7949	0,5246
12,8064	0,5213
12,8188	0,5181
12,8320	0,5148
12,8460	0,5116
12,8606	0,5084
12,8757	0,5051
12,8913	0,5019
12,9072	0,4988
12,9233	0,4956
12,9395	0,4924
12,9557	0,4893
12,9718	0,4861
12,9877	0,4830
13,0032	0,4799
13,0183	0,4768
13,0330	0,4738
13,0470	0,4707
13,0604	0,4676
13,0731	0,4646
13,0850	0,4616
13,0961	0,4586
13,1065	0,4556
13,1160	0,4527
13,1247	0,4498
13,1325	0,4469
13,1396	0,4440
13,1460	0,4411
13,1516	0,4383
13,1566	0,4355
13,1609	0,4327
13,1648	0,4300
13,1682	0,4273
13,1712	0,4246
13,1738	0,4220
13,1763	0,4194
13,1786	0,4169
13,1808	0,4145
13,1830	0,4121
13,1853	0,4097
13,1877	0,4075
13,1903	0,4053
13,1932	0,4032
13,1963	0,4013
13,1997	0,3994
13,2035	0,3976
13,2076	0,3960
13,2121	0,3944
13,2169	0,3930
13,2221	0,3918
13,2277	0,3907
13,2335	0,3897
13,2397	0,3889
13,2461	0,3883
13,2527	0,3879
13,2595	0,3876
13,2663	0,3875
13,2733	0,3876
13,2803	0,3878
13,2872	0,3883
13,2940	0,3889
13,3008	0,3896
13,3073	0,3906
13,3137	0,3917
13,3198	0,3930
13,3256	0,3944
13,3311	0,3959
13,3364	0,3976
13,3413	0,3994
13,3459	0,4013
13,3501	0,4033
13,3541	0,4053
13,3578	0,4075
13,3612	0,4097
13,3643	0,4119
13,3673	0,4142
13,3700	0,4165
13,3726	0,4188
13,3751	0,4211
13,3775	0,4234
13,3800	0,4257
13,3824	0,4280
13,3849	0,4302
13,3874	0,4324
13,3902	0,4345
13,3930	0,4366
13,3961	0,4387
13,3995	0,4407
13,4030	0,4427
13,4069	0,4447
13,4111	0,4466
13,4155	0,4485
13,4203	0,4504
13,4254	0,4522
13,4308	0,4541
13,4365	0,4560
13,4425	0,4579
13,4488	0,4598
13,4553	0,4617
13,4621	0,4637
13,4691	0,4658
13,4763	0,4679
13,4836	0,4701
13,4911	0,4724
13,4986	0,4748
13,5061	0,4772
13,5137	0,4798
13,5212	0,4825
13,5286	0,4853
13,5360	0,4882
13,5432	0,4912
13,5502	0,4943
13,5570	0,4975
13,5636	0,5009
13,5700	0,5043
13,5761	0,5078
13,5819	0,5114
13,5874	0,5150
13,5927	0,5187
13,5977	0,5224
13,6024	0,5262
13,6069	0,5300
13,6111	0,5338
13,6151	0,5375
13,6190	0,5412
13,6226	0,5449
13,6262	0,5485
13,6297	0,5520
13,6331	0,5555
13,6365	0,5588
13,6399	0,5620
13,6435	0,5651
13,6471	0,5681
13,6509	0,5709
13,6549	0,5736
13,6591	0,5761
13,6635	0,5785
13,6682	0,5807
13,6733	0,5827
13,6786	0,5846
13,6843	0,5863
13,6903	0,5879
13,6966	0,5893
13,7033	0,5906
13,7102	0,5918
13,7174	0,5929
13,7249	0,5938
13,7325	0,5947
13,7404	0,5954
13,7484	0,5961
13,7564	0,5968
13,7645	0,5973
13,7726	0,5979
13,7806	0,5984
13,7884	0,5989
13,7961	0,5993
13,8035	0,5998
13,8106	0,6003
13,8174	0,6008
13,8238	0,6013
13,8298	0,6018
13,8353	0,6023
13,8403	0,6029
13,8448	0,6035
13,8489	0,6041
13,8524	0,6047
13,8554	0,6053
13,8579	0,6060
13,8600	0,6066
13,8616	0,6072
13,8629	0,6078
13,8638	0,6083
13,8645	0,6088
13,8649	0,6093
13,8652	0,6097
13,8655	0,6100
13,8657	0,6102
13,8661	0,6103
13,8666	0,6103
13,8673	0,6102
13,8684	0,6100
13,8699	0,6096
13,8718	0,6091
13,8743	0,6084
13,8773	0,6076
13,8810	0,6066
13,8854	0,6054
13,8905	0,6041
13,8964	0,6027
13,9030	0,6011
13,9104	0,5993
13,9185	0,5974
13,9274	0,5953
13,9369	0,5932
13,9472	0,5909
13,9580	0,5885
13,9694	0,5860
13,9813	0,5834
13,9935	0,5807
14,0061	0,5780
14,0189	0,5752
14,0319	0,5724
14,0449	0,5695
14,0578	0,5666
14,0707	0,5637
14,0832	0,5608
14,0955	0,5579
14,1074	0,5551
14,1188	0,5522
14,1296	0,5494
14,1399	0,5466
14,1496	0,5438
14,1586	0,5411
14,1670	0,5384
14,1746	0,5357
14,1816	0,5331
14,1879	0,5306
14,1935	0,5280
14,1986	0,5255
14,2030	0,5230
14,2070	0,5205
14,2105	0,5181
14,2135	0,5156
14,2163	0,5132
14,2187	0,5108
14,2210	0,5083
14,2231	0,5059
14,2251	0,5034
14,2271	0,5010
14,2292	0,4985
14,2314	0,4960
14,2337	0,4935
14,2362	0,4910
14,2389	0,4884
14,2419	0,4858
14,2451	0,4833
14,2487	0,4806
14,2525	0,4780
14,2566	0,4754
14,2610	0,4727
14,2657	0,4701
14,2706	0,4674
14,2757	0,4647
14,2811	0,4621
14,2866	0,4594
14,2923	0,4568
14,2981	0,4541
14,3039	0,4515
14,3098	0,4489
14,3157	0,4464
14,3216	0,4438
14,3274	0,4413
14,3331	0,4388
14,3387	0,4364
14,3441	0,4340
14,3494	0,4316
14,3544	0,4293
14,3593	0,4270
14,3640	0,4247
14,3684	0,4225
14,3726	0,4203
14,3766	0,4182
14,3805	0,4161
14,3841	0,4141
14,3875	0,4121
14,3908	0,4101
14,3940	0,4082
14,3971	0,4063
14,4001	0,4045
14,4030	0,4028
14,4060	0,4011
14,4090	0,3994
14,4120	0,3978
14,4152	0,3963
14,4184	0,3948
14,4219	0,3934
14,4255	0,3921
14,4294	0,3909
14,4335	0,3898
14,4380	0,3888
14,4427	0,3878
14,4477	0,3870
14,4531	0,3863
14,4588	0,3858
14,4649	0,3854
14,4713	0,3851
14,4781	0,3850
14,4853	0,3850
14,4928	0,3852
14,5006	0,3855
14,5087	0,3861
14,5171	0,3867
14,5258	0,3876
14,5347	0,3886
14,5439	0,3898
14,5533	0,3912
14,5628	0,3927
14,5725	0,3944
14,5823	0,3962
14,5922	0,3982
14,6022	0,4004
14,6122	0,4026
14,6222	0,4050
14,6322	0,4075
14,6422	0,4101
14,6521	0,4128
14,6620	0,4155
14,6718	0,4183
14,6815	0,4212
14,6911	0,4241
14,7006	0,4271
14,7100	0,4300
14,7192	0,4330
14,7283	0,4360
14,7372	0,4390
14,7460	0,4419
14,7546	0,4448
14,7631	0,4477
14,7714	0,4506
14,7795	0,4534
14,7874	0,4562
14,7951	0,4589
14,8026	0,4616
14,8099	0,4643
14,8169	0,4668
14,8238	0,4694
14,8304	0,4719
14,8367	0,4744
14,8428	0,4768
14,8486	0,4793
14,8541	0,4817
14,8593	0,4841
14,8642	0,4865
14,8688	0,4888
14,8730	0,4912
14,8770	0,4936
14,8806	0,4961
14,8838	0,4985
14,8867	0,5010
14,8893	0,5035
14,8916	0,5061
14,8935	0,5087
14,8951	0,5113
14,8964	0,5140
14,8975	0,5167
14,8983	0,5194
14,8988	0,5222
14,8992	0,5251
14,8993	0,5279
14,8993	0,5308
14,8992	0,5337
14,8990	0,5367
14,8988	0,5396
14,8985	0,5426
14,8982	0,5455
14,8980	0,5484
14,8979	0,5513
14,8979	0,5542
14,8980	0,5571
14,8983	0,5599
14,8988	0,5626
14,8996	0,5654
14,9006	0,5680
14,9018	0,5707
14,9034	0,5732
14,9052	0,5757
14,9073	0,5782
14,9097	0,5805
14,9125	0,5829
14,9155	0,5851
14,9189	0,5873
14,9226	0,5895
14,9265	0,5916
14,9307	0,5936
14,9352	0,5956
14,9399	0,5975
14,9449	0,5994
14,9501	0,6012
14,9556	0,6030
14,9612	0,6048
14,9670	0,6065
14,9730	0,6081
14,9792	0,6097
14,9855	0,6113
14,9920	0,6128
14,9987	0,6142
15,0056	0,6156
15,0125	0,6169
15,0197	0,6182
15,0270	0,6194
15,0344	0,6205
15,0421	0,6215
15,0498	0,6224
15,0578	0,6233
15,0658	0,6240
15,0741	0,6247
15,0824	0,6252
15,0909	0,6257
15,0995	0,6260
15,1082	0,6262
15,1170	0,6262
15,1259	0,6262
15,1348	0,6260
15,1437	0,6258
15,1527	0,6254
15,1616	0,6248
15,1705	0,6242
15,1793	0,6234
15,1881	0,6225
15,1967	0,6215
15,2051	0,6204
15,2135	0,6192
15,2216	0,6179
15,2295	0,6165
15,2372	0,6150
15,2446	0,6134
15,2517	0,6118
15,2585	0,6101
15,2650	0,6083
15,2712	0,6065
15,2770	0,6046
15,2825	0,6026
15,2875	0,6006
15,2922	0,5986
15,2966	0,5966
15,3005	0,5945
15,3040	0,5924
15,3072	0,5903
15,3100	0,5881
15,3124	0,5859
15,3146	0,5837
15,3164	0,5815
15,3179	0,5793
15,3192	0,5770
15,3203	0,5747
15,3212	0,5724
15,3219	0,5700
15,3227	0,5677
15,3233	0,5653
15,3241	0,5628
15,3249	0,5604
15,3258	0,5579
15,3270	0,5553
15,3285	0,5528
15,3302	0,5501
15,3323	0,5475
15,3349	0,5448
15,3379	0,5420
15,3414	0,5392
15,3454	0,5364
15,3500	0,5335
15,3552	0,5306
15,3610	0,5276
15,3673	0,5246
15,3742	0,5216
15,3816	0,5186
15,3896	0,5155
15,3981	0,5123
15,4069	0,5092
15,4162	0,5061
15,4258	0,5029
15,4357	0,4997
15,4458	0,4965
15,4560	0,4934
15,4662	0,4902
15,4764	0,4870
15,4865	0,4838
15,4965	0,4807
15,5062	0,4776
15,5156	0,4745
15,5246	0,4714
15,5332	0,4684
15,5413	0,4653
15,5489	0,4624
15,5560	0,4595
15,5626	0,4566
15,5685	0,4537
15,5739	0,4510
15,5787	0,4482
15,5829	0,4456
15,5866	0,4430
15,5898	0,4404
15,5926	0,4379
15,5949	0,4355
15,5968	0,4331
15,5985	0,4309
15,5998	0,4286
15,6010	0,4265
15,6020	0,4244
15,6030	0,4223
15,6040	0,4204
15,6051	0,4185
15,6062	0,4166
15,6076	0,4148
15,6092	0,4131
15,6110	0,4114
15,6133	0,4098
15,6158	0,4083
15,6188	0,4068
15,6222	0,4053
15,6260	0,4039
15,6303	0,4026
15,6350	0,4013
15,6402	0,4000
15,6458	0,3989
15,6517	0,3977
15,6581	0,3966
15,6648	0,3956
15,6718	0,3947
15,6791	0,3938
15,6866	0,3929
15,6943	0,3922
15,7021	0,3915
15,7100	0,3909
15,7179	0,3903
15,7258	0,3899
15,7337	0,3895
15,7415	0,3892
15,7492	0,3890
15,7567	0,3889
15,7640	0,3889
15,7712	0,3890
15,7781	0,3892
15,7848	0,3895
15,7913	0,3899
15,7976	0,3904
15,8036	0,3909
